s,d,v
135 113 2
135 29 1
135 135 39
135 45 2
135 43 4
135 40 4
135 41 4
135 1 4
135 109 1
25 135 1
25 90 1
25 122 2
25 11 9
23 29 6
23 90 1
29 29 10
29 135 1
29 90 1
29 111 1
29 23 9
29 45 3
29 43 30
29 41 4
29 1 30
29 4 5
29 122 2
29 109 2
29 71 2
29 11 5
29 12 1
29 19 2
29 37 1
29 33 2
4 135 2
4 29 5
4 40 4
4 122 11
4 109 6
4 90 2
4 11 42
122 43 4
122 25 2
122 45 3
122 29 2
122 40 13
122 41 4
122 1 120
122 4 8
122 109 4
122 71 9
122 90 8
122 11 22
122 12 10
122 33 3
122 37 4
122 122 4
122 53 6
122 111 2
53 135 1
53 29 2
53 122 8
53 109 5
53 90 5
53 11 21
53 40 5
53 140 1
111 140 6
111 40 4
111 122 2
111 109 1
111 90 7
111 11 11
111 12 1
113 113 47
113 90 1
113 25 1
113 45 1
113 43 1
113 41 1
113 1 5
113 109 1
113 11 1
113 12 1
113 135 13
7 40 1
109 37 1
109 113 1
109 111 1
109 45 6
109 43 4
109 41 10
109 1 103
109 2 63
109 4 6
109 71 1
109 29 2
109 11 8
109 19 3
109 53 4
109 122 4
109 33 4
109 135 1
109 12 7
109 90 2
33 29 4
33 122 4
33 109 3
33 90 6
33 11 11
33 40 1
33 140 3
37 140 1
37 122 3
37 90 4
37 11 7
37 109 2
2 109 23
2 40 21
90 29 2
90 19 2
90 111 8
90 53 8
90 113 1
90 25 4
90 23 2
90 45 6
90 43 12
90 40 2
90 41 16
90 1 128
90 4 7
90 122 13
90 109 2
90 71 2
90 11 19
90 12 17
90 33 6
90 37 7
90 135 1
90 90 4
11 135 4
11 25 6
11 23 1
11 29 5
11 4 36
11 122 30
11 53 15
11 111 10
11 109 4
11 33 10
11 37 14
11 90 5
11 11 95
11 12 41
11 19 2
11 45 5
11 43 10
11 40 5
11 41 23
11 1 316
11 71 7
10 40 1
12 109 1
12 29 1
12 135 2
12 40 3
12 140 1
12 122 9
12 90 6
12 11 36
12 12 61
19 29 3
19 90 2
19 11 2
19 109 3
45 135 3
45 29 3
45 40 2
45 122 4
45 109 6
45 11 4
45 90 1
43 113 1
43 29 23
43 40 4
43 122 3
43 11 6
43 109 2
43 135 6
43 90 4
40 113 2
40 29 3
40 53 2
40 90 3
40 25 2
40 23 1
40 45 8
40 43 7
40 41 15
40 1 61
40 2 45
40 7 18
40 6 2
40 4 2
40 122 12
40 38 5
40 71 3
40 11 9
40 10 9
40 12 5
40 14 2
40 135 5
40 111 5
41 135 10
41 29 4
41 122 8
41 113 1
41 109 7
41 90 14
41 11 19
41 40 7
41 140 1
1 135 28
1 29 33
1 122 159
1 113 7
1 109 86
1 90 80
1 11 437
1 40 63
1 140 7
140 111 5
140 29 1
140 41 1
140 1 8
140 12 1
140 33 3
140 37 1
140 53 1
71 135 1
71 29 1
71 113 1
71 122 4
71 90 1
71 11 1
71 109 1
