428873967 
1118772822 
343657212 1118772822 
809840586 1118772822 314169551 
3108359848 2974464617 2974464617 728180250 2673763098 2896380156 961423567 
1475788920 854017279 372554569 85673918 
32353291 
17176135 32353291 
94878964 
996952393 
1595329788 
373703345 
2792756327 373703345 66018799 1239688873 373703345 66018799 1239688873 852483272 48534642 
49888175 
352531091 
38692740 
3096547548 
2233876207 52972702 54096689 256456300 52972702 54096689 256456300 
2476813614 
243447325 
293069680 373703345 373703345 
1848896942 
439852400 
2922286410 2935471146 2935471146 2935471146 
201185778 373703345 373703345 1633453286 
161048246 
3340607469 
3132138280 2893135260 2893135260 
627115965 121588342 2159335132 403436252 1292439571 1292439571 1292439571 
2752118724 
28277980 
2200031437 121588342 121588342 124297037 
2857904085 121588342 121588342 
255826721 121588342 192269050 58711646 
1318305619 121588342 
381806169 121588342 
1372781810 121588342 121588342 
1978808738 121588342 121588342 
16478356 28277980 
2960233383 121588342 121588342 446568247 2256760459 2847881972 1292439571 124297037 2172559621 2721321250 1608196628 2696904101 
32358296 
153296773 
46722182 
2203558670 
3313009725 
401710943 2838670203 401710943 
84351139 
3042923567 3313009725 3313009725 
2507218357 121588342 121588342 
1427588450 1427588450 1427588450 
118415737 
3201543315 
581222550 947186557 
246380006 273648929 273648929 
230252068 
3081574446 
2180319366 
892883335 
223851518 3244921294 1292439571 
1239688873 1118772822 1118772822 
2990089390 
3085716154 
3138740529 
3107374191 
66018799 2753812033 66018799 19080151 
2817699277 
501703032 
280668353 66018799 2325389164 3244921294 3244921294 3244921294 2598573363 3244921294 
603436559 3085716154 3085716154 
37894015 66018799 
3346642625 66018799 634168631 2896295871 1292439571 55931558 69319223 2696904101 1038078139 1239688873 66018799 634168631 2896295871 1292439571 55931558 69319223 2696904101 1038078139 1239688873 332507058 500713859 2540580547 
728180250 66018799 37894015 66018799 37894015 2206038469 3108359848 
2987516222 66018799 66018799 
550402521 66018799 55931558 
2527017372 
2419541171 66018799 66018799 
498316263 37894015 37894015 213991030 
381139020 37894015 37894015 2444982048 19080151 1292439571 3170670230 75615329 3244921294 66018799 1292439571 75615329 
3374676081 66018799 66018799 342864030 
348366263 
719478714 37894015 
3033320629 37894015 37894015 
835769130 37894015 37894015 
18614397 
76606750 18614397 
265376386 37894015 66018799 37894015 66018799 
986041237 18614397 
2464692240 924354284 924354284 
2813105522 
3187200021 
2924844877 37894015 37894015 373438913 314548237 
473314021 
517477928 66018799 66018799 
2719268039 728180250 66018799 2206038469 37894015 728180250 66018799 2206038469 37894015 
2517308926 66018799 66018799 
1620994400 37894015 37894015 
711042272 66018799 
28037002 
2391468612 28037002 20855420 217078361 257442762 
3268089337 28037002 28037002 112709628 
2286673616 66018799 121588342 
69319223 
425580734 66018799 66018799 
1547943294 69319223 1292439571 
2741277111 
2748409849 69319223 69319223 
711481112 
2358557177 69319223 55931558 69319223 55931558 
3074469756 
344839662 
224274599 
1292439571 17537467 3170670230 3170670230 17537467 627115965 39458583 940160473 157399973 
2826531256 1292439571 2696904101 710040170 2538830359 2838670203 1292439571 2696904101 710040170 2538830359 2838670203 854017279 1292439571 
2789686678 1292439571 1292439571 39458583 940160473 
2721640627 1292439571 
290699059 1292439571 55931558 
142009064 1292439571 2159335132 
2166887689 1292439571 1292439571 1292439571 
2796629637 1292439571 1292439571 
1861394118 1292439571 
1024767506 
1281641046 1292439571 
49609911 
206372555 1292439571 
3003118451 1292439571 133677123 528551397 1292439571 133677123 528551397 403436252 279591787 2172559621 2785887928 
2781642544 1292439571 1292439571 
3309392032 1292439571 1292439571 
2741722721 1292439571 1292439571 
189473615 1292439571 
32375625 
2974464617 69319223 3391579539 1292439571 2206038469 3115790063 69319223 3391579539 1292439571 2206038469 3115790063 
15407462 
17047727 
145402577 
2714493966 1292439571 
293580185 1292439571 1292439571 1292439571 1292439571 1292439571 1292439571 
2525820541 69319223 
487466464 1292439571 
2507010778 1292439571 1292439571 
2824903049 1292439571 1292439571 
1474839798 1292439571 1292439571 
16611267 
2892677247 1292439571 1292439571 
1133171965 1292439571 2838670203 1292439571 2838670203 1091354204 
3324659692 
1527449473 1292439571 
1190444628 69319223 
397381043 1292439571 1292439571 
2463325871 1292439571 1292439571 
2822361484 1292439571 1292439571 
2310829413 1292439571 1292439571 
55931558 55931558 
379076185 55931558 1292439571 
465907167 55931558 55931558 1292439571 
2683461896 55931558 1292439571 
980391222 55931558 55931558 55931558 55931558 55931558 55931558 
3391579539 
1134302798 55931558 55931558 55931558 
2811560211 3391579539 3391579539 
230320041 55931558 55931558 55931558 3391579539 1292439571 2696904101 
559867151 55931558 
50797952 55931558 
173876594 55931558 55931558 55931558 55931558 
19024010 55931558 
2984077096 55931558 69319223 50797952 
1696665516 55931558 39458583 940160473 
16476319 55931558 
1056099690 55931558 55931558 55931558 
379977671 55931558 55931558 431969214 
168801032 55931558 
2728977242 55931558 
2814505324 55931558 
2501952158 1292439571 
284681921 55931558 
409210532 55931558 55931558 
371287087 3391579539 3391579539 
1487782165 3391579539 
243241355 55931558 
19730399 55931558 55931558 
431485095 3391579539 3391579539 
2165084852 1292439571 3391579539 
493899902 55931558 55931558 
2414809730 55931558 
496123353 1292439571 
22819351 55931558 3244921294 3244921294 
1364140232 1292439571 1292439571 
3191702208 3391579539 3391579539 1292439571 
2733572406 55931558 2696904101 55931558 2696904101 
488233405 3391579539 2159335132 3391579539 2159335132 1292439571 
1506556543 3391579539 1292439571 3391579539 1292439571 
2199504652 55931558 2696904101 2159335132 
1345324790 
2159335132 55931558 1292439571 1292439571 279591787 2876245125 
405627156 3391579539 3391579539 
2835551475 55931558 55931558 
1524048494 55931558 55931558 55931558 
268528916 1292439571 
548819111 55931558 55931558 55931558 2696904101 
2209486785 55931558 
76983009 55931558 
2869390306 55931558 
2320028062 55931558 55931558 
1931991457 3391579539 3391579539 
1371613734 55931558 55931558 
2696904101 66018799 66018799 
3344701180 2696904101 2696904101 
93118049 2159335132 2931694793 1292439571 
262380992 2159335132 2159335132 
76372631 2159335132 
579109548 2159335132 
350323437 2159335132 
1107301344 2159335132 
1590705966 55931558 
99143301 55931558 
1345314516 
1038078139 2696904101 
78787098 55931558 
725911248 1292439571 1292439571 
324532113 2159335132 
3250555238 2696904101 2696904101 
3117932699 2696904101 2696904101 
582689895 55931558 
3228559888 1292439571 1292439571 
838063898 2159335132 
1966887834 2696904101 2696904101 
3149308474 2696904101 2159335132 2696904101 2159335132 2443877819 403436252 3403323323 2844379180 2721321250 
2792113275 2159335132 
1527258450 1292439571 1292439571 
441161607 2696904101 2696904101 
2458403955 2696904101 2159335132 2696904101 2159335132 
36252486 
1370594222 2696904101 
78436225 2696904101 
2802279751 2159335132 
630679523 55931558 55931558 
121588342 2696904101 
460142114 2696904101 
417941587 2696904101 
2358591559 55931558 55931558 
1487244842 1292439571 1292439571 
18096102 2696904101 
54661214 
1429905642 2696904101 
606421334 55931558 
3208563459 3391579539 1292439571 3391579539 1292439571 
2163360516 2696904101 
145934621 3391579539 3391579539 
232550149 2696904101 2696904101 
1606555507 1292439571 
102659450 2696904101 2696904101 
1728451099 55931558 2742194606 55931558 2742194606 403436252 
701808332 2159335132 2159335132 
169434390 55931558 
282778473 55931558 
590498827 2159335132 
1462688760 2696904101 2696904101 
272603571 55931558 
251837827 55931558 
2844420651 2696904101 2696904101 
789602521 2696904101 
444978762 55931558 69319223 55931558 69319223 
67260064 55931558 
16596145 55931558 2443877819 
282102800 66018799 66018799 
337298642 66018799 
302128471 2696904101 
31893674 55931558 
2827462927 55931558 
326309590 2696904101 
13304722 55931558 
280464581 55931558 
2456146909 55931558 
3318129994 1292439571 1292439571 
3312659711 2696904101 
2563696885 55931558 
2489936225 2696904101 2696904101 
343255969 2159335132 
2391585170 
240017260 1292439571 
2226931454 55931558 
1470502400 2159335132 
389646057 66018799 
251137728 2159335132 
186243186 3391579539 
995530746 55931558 
65690709 55931558 
399636663 2696904101 2696904101 
270928496 55931558 
2260174419 55931558 55931558 
529821246 2696904101 
2558426229 55931558 
322629315 55931558 
2819479209 2696904101 2696904101 
2711290701 55931558 55931558 
20141257 
452283175 2696904101 
922711819 1292439571 
36322255 20141257 
199584528 
170603138 199584528 
1272986844 2696904101 2696904101 
3299703008 2159335132 2159335132 3244921294 66018799 1292439571 279591787 3244921294 3244921294 1292439571 3244921294 
521310404 
2721321250 2159335132 2844379180 2721321250 
1675546964 55931558 55931558 
2846666115 2696904101 2696904101 
1737797580 
526437281 55931558 
2997426931 2159335132 2159335132 
2580649082 1292439571 
7854652 2696904101 
789264805 1292439571 
392170973 50797952 50797952 
1216380283 55931558 
2734234348 55931558 55931558 
194575756 2696904101 
2742194606 
50645038 
2348226096 
424276798 2742194606 2742194606 
300932489 66018799 
2451897078 2696904101 2696904101 
1007319576 55931558 2742194606 403436252 
2987499495 55931558 
65983096 2696904101 69319223 324344329 1292439571 528551397 
300886897 55931558 
2346988788 
16092768 
3317305527 2696904101 2696904101 
550663658 2696904101 2696904101 
1658056328 2696904101 
371360933 
399416141 2696904101 
2820315053 1292439571 1292439571 
3371113450 55931558 55931558 
498911752 2742194606 
2999816543 2159335132 37894015 2538830359 2838670203 2838670203 544333831 19080151 279591787 3239955086 273648929 1292439571 66018799 
446491261 2159335132 2159335132 
1635157651 2696904101 2696904101 
2395060010 2742194606 2742194606 
240800478 
302270568 55931558 55931558 
1305459198 2159335132 2159335132 
3347214304 
3314882981 1292439571 1292439571 
374793754 2696904101 
70155617 
1693435669 55931558 55931558 
493207447 2159335132 2263220017 
851395297 55931558 55931558 
919558255 
875207593 55931558 55931558 
403436252 66018799 66018799 3244921294 281593629 
513497583 
3391026544 69319223 69319223 
3264759185 66018799 37894015 3115790063 66018799 37894015 3115790063 2159335132 
3014887084 
603459434 2696904101 
2829354133 
461548383 55931558 
1669932314 37894015 279591787 
175562375 37894015 37894015 
2800740563 2159335132 69319223 2159335132 69319223 3403323323 
120018615 
38808541 513497583 66018799 513497583 66018799 
968851322 37894015 2844379180 2721321250 2525149488 38422859 373438913 
206644618 2696904101 2696904101 
450116974 2159335132 
482902868 66018799 66018799 
3115790063 55931558 
2448762846 1292439571 104069830 1292439571 104069830 372554569 1292439571 1292439571 39458583 940160473 1292439571 
1675930123 
2206038469 728180250 66018799 728180250 66018799 29662823 
733079048 55931558 55931558 
29036342 2696904101 2696904101 
2974192240 2206038469 2206038469 
1185436171 
2273955565 2696904101 2696904101 
3329987291 
3197506096 55931558 2159335132 69319223 
382223500 
1231820270 313479514 313479514 
2591262475 
528981634 
2205314563 66018799 
2333736177 37894015 37894015 
582005230 
35545423 120018615 
2546584819 1530472884 3157936122 
2182044153 2159335132 2159335132 
257442762 
299416026 257442762 257442762 
1873124683 257442762 
961485776 257442762 257442762 
2996165561 3138740529 1174827270 1174827270 
22175519 257442762 257442762 
908305256 55931558 104069830 2838670203 2838670203 55931558 104069830 2838670203 2838670203 3244921294 2443877819 1292439571 3244921294 
149134024 55931558 
2567523902 55931558 
2561564432 55931558 
2937635744 55931558 
1149567217 2159335132 20764056 1292439571 
2177956740 2159335132 2159335132 21051642 
1477141884 2159335132 1445912984 213991030 
3260718259 69319223 69319223 
1482177680 2159335132 
2882418111 2159335132 2159335132 
2325389164 2159335132 2159335132 
974783574 55931558 1956233017 2400466927 1956233017 974783574 
3190229619 55931558 55931558 
342910342 55931558 55931558 
182366037 55931558 66018799 
15880647 257442762 
3022023687 55931558 
3297633246 1185436171 55931558 17983365 383906888 1185436171 55931558 17983365 383906888 1292439571 1292439571 
1714291674 257442762 299416026 257442762 299416026 
61881765 1292439571 
3340858259 
291715550 37894015 
953186984 
2406645356 257442762 
264654930 2696904101 2696904101 
2929392279 2742194606 2742194606 
49660555 257442762 
10540702 20141257 
3208745518 
104069830 272558204 54773913 
15333188 104069830 2844681478 794645850 
275210802 3244921294 3244921294 
567593725 1292439571 1292439571 
18983869 37894015 
171494244 2159335132 
8306492 
491871850 66018799 
2853505392 
3327950403 
615553614 55931558 
2863166450 55931558 55931558 
594970175 
402269594 
152281488 3115790063 3115790063 
3346524075 3115790063 
3177963891 3115790063 
2348216371 
55731042 3115790063 
633602468 3115790063 
1061696234 55931558 55931558 58711646 
358250869 55931558 
633112201 55931558 
19973605 3115790063 
1743305772 104069830 
2259026171 55931558 55931558 1292439571 3170670230 168117676 168117676 
214667267 3115790063 3115790063 
2696473087 3115790063 2159335132 3115790063 2159335132 321627614 961423567 1292439571 3244921294 2443877819 2736343046 1091354204 
3396124991 223851518 24842995 18924074 17983365 205371115 273648929 3115790063 1395600319 223851518 24842995 18924074 17983365 205371115 273648929 3115790063 1395600319 2800549223 3244921294 223851518 2678355564 1886068736 3244921294 223851518 1292439571 3244921294 66018799 3244921294 2847881972 3244921294 2426928816 2678355564 2678355564 2792171854 3239955086 273648929 1292439571 1292439571 3244921294 2159335132 2598573363 3244921294 1292439571 3124507685 262302919 48680856 3293218198 403436252 3244921294 
363772880 1292439571 1292439571 1292439571 3244921294 1292439571 
1217931109 1292439571 
2826765403 1292439571 
293986884 2159335132 2159335132 
2438241031 1292439571 1292439571 
794645850 2844681478 794645850 2844681478 794645850 
2948609673 1292439571 1292439571 
264265349 2844681478 794645850 2844681478 794645850 
484122940 513497583 2172559621 279591787 
475704393 2696904101 2696904101 
271862580 1292439571 
890674015 582882232 634168631 379297386 
2317221572 
484514913 2844681478 794645850 2844681478 794645850 
387779506 582882232 
383906888 352452399 383906888 214914890 50598105 1696908068 314548237 
2949539223 1292439571 1292439571 
2362884030 
220285903 582882232 
3058363025 
2312659651 3058363025 1292439571 17537467 2598573363 1292439571 3032364329 
538481859 3058363025 
50585550 3058363025 
2731741417 121588342 66018799 1292439571 
1250323009 3058363025 
303630331 3058363025 
3249105179 1292439571 
264981280 3115790063 
372554569 104069830 
20878297 
2348254567 
2148988430 20878297 
319594713 
543555677 55931558 
408114808 
2664915709 20878297 20878297 
198152252 
1315370654 
2411218802 69319223 
274662393 20878297 20878297 
43673147 226723035 
3189372691 20878297 20878297 
2585675857 20878297 
218733247 2696904101 
306606134 69319223 3403323323 
733429818 2844681478 794645850 2844681478 794645850 
48304732 2696904101 
12896172 
79649711 104069830 104069830 
863789336 69319223 
16141831 69319223 
17199745 69319223 
398236600 69319223 
1604484884 69319223 69319223 
602519741 69319223 69319223 
296451699 69319223 
540570424 20878297 
1549597706 340064107 
3399022175 
364781578 2696904101 
20349023 
2810455925 104069830 104069830 373438913 
117412559 55931558 
2234653442 55931558 55931558 
123428914 
3345615267 55931558 55931558 
1496652680 104069830 
2936121278 20878297 20878297 
1612281684 69319223 69319223 
2931694793 
2833337833 2844681478 794645850 2844681478 794645850 
47356290 69319223 
49491544 1292439571 
2786112550 17983365 17983365 
1571397931 55931558 
243446474 
2813616447 
171546043 104069830 
1066690128 
2853832755 69319223 69319223 21051642 
366134197 
2598573363 69319223 69319223 3244921294 372554569 2847881972 3244921294 1292439571 3244921294 2172559621 
2260515452 1292439571 
415773028 69319223 
23067975 55931558 
2602176076 104069830 104069830 
14615761 16092768 
28259785 
18182794 1445912984 213991030 3244921294 3244921294 2200031437 1091354204 
3312933899 1292439571 1292439571 
3209492230 
2841747305 
494232319 3115790063 
385041928 
272380597 20878297 
2336129015 69319223 69319223 
1008754862 69319223 
51579551 1292439571 
1012874467 55931558 55931558 2263220017 
1483003351 55931558 
299512363 55931558 
1258435686 
3174472942 55931558 55931558 
504832296 1258435686 
1061709823 20878297 20878297 
2310502494 1258435686 
21094441 51003218 
324344329 
352452399 383906888 
3013428472 104069830 104069830 
197892890 
2777537827 324344329 
381900381 319594713 
2440150836 
1884262512 55931558 55931558 
75255479 
2347047007 2346988788 2346988788 
2528553697 
266189528 324344329 
3017140172 
3284731075 2696904101 2696904101 
1297207694 1297207694 1297207694 1297207694 1297207694 1297207694 1297207694 
3138625067 2777537827 2777537827 
407316706 2844681478 794645850 2844681478 794645850 
51003218 21094441 
338373471 69319223 69319223 
420392199 961423567 1292439571 
3391814979 37894015 37894015 
108446454 
2733138920 104069830 3115790063 104069830 3115790063 
3127589084 104069830 104069830 
2525601571 69319223 852483272 
534929951 221355278 2838670203 768577789 17537467 2838670203 768577789 17537467 
2463289706 3391814979 3391814979 
919342621 
2724535142 3115790063 1292439571 1292439571 
2653465981 
2299916972 1185436171 1185436171 
74684972 66018799 
2270666630 37894015 
2930698503 
334967745 69319223 69319223 
584508110 
1658523253 
1961909083 
190452950 
312039297 
490932433 
27984885 
18924074 
1602224485 3244921294 287278342 66367082 1602224485 
100079835 3391814979 37894015 2270666630 37894015 3115790063 2838670203 37894015 100079835 270547605 1445912984 213991030 138713188 1086779562 93118049 3244921294 2598573363 187301970 
766462243 69319223 
1332721620 
2843907119 104069830 
369028288 29662823 2841747305 293025517 293025517 293025517 
539721796 5988062 141834186 
201024231 
2896380156 3115790063 
243394186 319594713 319594713 
239359472 2699496506 
162903679 69319223 1292439571 
2967617620 1292439571 
211290906 
1187525966 211290906 211290906 
2475634532 435260935 
2355818905 
2753812033 66018799 
367392037 
232407803 
3393397395 
15696583 
24842995 91099960 
2299419456 
2966188357 
495810407 69319223 
3088968472 3391579539 
36666554 
2236592053 373703345 
1035161599 373703345 
14288037 6754922 
6754922 14288037 14288037 14288037 
3301039500 373703345 373703345 
52062406 
243133079 
425171276 373703345 
2645721756 
27839828 36666554 54096689 214914890 
575354882 104069830 372554569 
2373530191 
2844681478 419802461 727472528 419802461 2844681478 727472528 419802461 727472528 419802461 2844681478 727472528 
727472528 2844681478 419802461 727472528 
874662385 2844681478 419802461 727472528 
2356811455 2844681478 419802461 727472528 
133677123 528551397 3244921294 
347976255 919342621 
1571271686 919342621 919342621 
243844011 2844681478 419802461 727472528 
20084570 919342621 919342621 
567267136 2844681478 419802461 727472528 2844681478 419802461 727472528 
419802461 2844681478 727472528 
15063486 
344823602 
1475858893 104069830 104069830 104069830 104069830 
3158014711 15063486 15063486 
3249463450 
69377338 2777537827 
259796910 3115790063 3244921294 
2195266310 3115790063 3115790063 19080151 279591787 3244921294 2200031437 
2247762848 728180250 37894015 66018799 2838670203 460731718 
594886554 2844681478 419802461 727472528 2844681478 419802461 727472528 
541279160 2844681478 419802461 727472528 2844681478 419802461 727472528 
3288348368 15063486 28003949 15063486 28003949 
1063076700 55931558 
2941763258 
524933041 2941763258 
127693283 2941763258 2941763258 
717243036 2941763258 2941763258 
248248441 
2505469722 104069830 104069830 104069830 104069830 
2815343736 141834186 
152089665 
379576731 
69521125 
318358387 2941763258 
40298682 69319223 
2878411998 2941763258 2941763258 3004109303 
1137269324 248248441 248248441 
376203685 
871599601 15063486 
2198275352 104069830 104069830 
3358979746 
1245496290 2159335132 2159335132 1292439571 3170670230 
2221772324 
33350532 257442762 3115790063 
1293774062 3115790063 3115790063 
2866365452 1297207694 1297207694 
3256351207 
47851885 
1032172358 3115790063 
1551515450 
2323866069 20878297 20878297 
2576733420 
221355278 534929951 221355278 
556119772 69319223 69319223 
1426762752 
58784259 
626255221 
71278773 75615329 
1532379338 37894015 37894015 19080151 3403323323 
3389065270 1532379338 37894015 
3390270561 1532379338 37894015 
521142615 124297037 142009064 
710040170 
72391395 
602499265 
3101040483 
3362609405 
2901898545 
3099264856 
500984400 
3058323502 
2770567714 
1038301598 2770567714 
852483272 3353043453 2540580547 
552779620 500984400 500984400 
2449453352 
2838670203 37894015 100079835 2538830359 2838670203 287278342 1482177680 2305869624 37894015 100079835 2538830359 2838670203 287278342 1482177680 2305869624 768577789 17537467 534929951 2838670203 768577789 17537467 401710943 279591787 854017279 2814040114 372554569 499675791 2502329424 2893135260 2838670203 187301970 69319223 384415726 254162840 460731718 
35813556 2770567714 852483272 
19080151 
581663387 
278359239 852483272 
317377922 852483272 
2181807818 2770567714 2770567714 
2987105895 
1110192643 
270134005 852483272 852483272 
3026917023 
600221390 
29198219 401710943 252398355 279591787 
527241673 
2346847447 
1075234903 
637181328 
3279979368 415401869 415401869 
2196985237 
223604018 
1696908068 2841747305 293025517 281411022 
300202031 2969900219 87645208 
94183009 2841747305 
160984682 
1672386103 2841747305 373703345 293025517 293025517 
2469892585 637181328 3374676081 
399607231 2841747305 
281186548 
2896295871 
536676261 2159335132 
54096689 
2157054487 54096689 
3182497435 
24614615 
268930317 
3209945157 
59219538 69319223 
50976159 
270535444 54096689 16190478 
117767974 
20855420 
375936112 117767974 
2830526400 69319223 69319223 961423567 1292439571 714399620 2830526400 273648929 66018799 
276944655 69319223 69319223 
2261726353 69319223 403436252 
91543826 69319223 69319223 
3145240092 69319223 69319223 
586724399 2696904101 
2366960854 69319223 
379400403 69319223 
204099617 69319223 
2832465059 69319223 
454252311 69319223 69319223 
216148158 69319223 69319223 
3086286384 
1355351060 
345343418 2770567714 28003949 
255515762 117767974 117767974 3403323323 2159335132 3244921294 39458583 940160473 
87225336 69319223 
146741647 
49498257 
1523262565 69319223 69319223 
3030878006 69319223 69319223 
152762478 5988062 5988062 
1355356820 
47804581 257442762 
25034874 69319223 
3205672215 
49622659 257442762 
351489686 
395871323 69319223 
221445245 257442762 
217078361 257442762 
602931169 69319223 
198553539 257442762 
2414810330 257442762 257442762 
2569584719 69319223 69319223 
17665641 257442762 
2420764201 217078361 257442762 
164925458 628765466 
112216795 257442762 
2889484097 
278115412 257442762 213991030 267448332 
2530776391 257442762 
450732499 257442762 257442762 
342955623 
628765466 164925458 628765466 
968493397 2838670203 2838670203 
2869527457 2838670203 
14834879 
1670962231 164925458 628765466 164925458 628765466 
27281240 
568002438 257442762 
409571529 54096689 
394570074 
2790292676 2838670203 2838670203 323870386 431969214 403436252 87645208 3069172528 3403323323 62357503 499675791 2721321250 66018799 2696904101 3430543833 
1292057738 55931558 
1917430519 257442762 
18987581 20855420 
2438996330 342955623 
450868123 55931558 55931558 
344938512 257442762 
345650937 342955623 342955623 
198212149 55931558 
1539040020 55931558 
2834579854 2838670203 
1425495691 
465075422 54096689 
5967972 54096689 21051642 5967972 
3002760593 54096689 54096689 3244921294 66018799 1292439571 21051642 3403323323 
48680856 17983365 447999329 590180745 38422859 3124507685 262302919 48680856 1091354204 
2538830359 2838670203 2838670203 
229124229 
19038534 
177344278 5988062 
287278342 2538830359 2838670203 1292439571 66018799 
983270113 
365268238 
52972702 69377338 3244921294 3244921294 
3327376767 2838670203 2838670203 
483395237 2696904101 2696904101 
818815424 2696904101 2696904101 75255479 
86905559 121588342 
1702815950 2696904101 2696904101 
85387084 66018799 66018799 
271374688 
247540117 
2721171940 
26487169 
21368516 26487169 
485899459 
2741341173 26487169 26487169 
2970229437 727472528 50797952 
3177217860 
3368587798 
2473726645 
3054434749 257442762 257442762 
187316309 5988062 
242849343 
1965559992 2935471146 93118049 2935471146 93118049 
2305869624 17537467 91099960 91099960 
423820604 423820604 423820604 
513389032 
260625095 
3119433777 
900611568 39458583 940160473 
295063424 
123601629 
3323729033 123601629 
3324661497 123601629 
61247323 
3393895120 
3209538088 
452529241 
3197854454 2770567714 2770567714 
282208173 69319223 
1122451886 
5988062 
108393287 5988062 
3372441113 5988062 
586019698 5988062 
3348088859 5988062 5988062 
2306623100 5988062 
2950525545 5988062 5988062 
1043190822 5988062 
278006137 5988062 5988062 
2460798987 5988062 5988062 5988062 5988062 
636138353 5988062 
257216240 
2823135715 5988062 5988062 
95725957 5988062 
2174569087 5988062 5988062 
3232746701 5988062 5988062 
18604681 5988062 
207249457 5988062 
3321345107 5988062 5988062 
554608196 5988062 
576898780 5988062 
2761757535 5988062 5988062 
15299664 5988062 
62084652 5988062 5988062 
74033949 5988062 
732888522 5988062 5988062 
772098134 5988062 
144232169 5988062 
2274557155 5988062 5988062 
319939901 5988062 
2696291723 5988062 5988062 
989224406 5988062 5988062 
3072630633 5988062 
39700995 5988062 
1480059168 5988062 
26812319 5988062 
1663069568 5988062 5988062 
1963365014 
2178335442 5988062 5988062 
228374107 5988062 
2888729354 
3076086333 5988062 
229765277 5988062 
2570199243 5988062 5988062 
111916870 5988062 
2968919057 5988062 5988062 
1252346322 5988062 
3332160249 5988062 5988062 
2909918785 5988062 5988062 5988062 5988062 
295297582 5988062 
104575164 5988062 
2979592169 5988062 5988062 5988062 5988062 
2277652826 5988062 
88807320 5988062 5988062 
162896520 5988062 
88299982 
184864859 5988062 
111441768 5988062 5988062 
964092692 5988062 
3248334481 5988062 5988062 
145228940 5988062 
2163566358 5988062 5988062 
29648272 5988062 
37295110 5988062 
454675509 5988062 5988062 
142333812 5988062 
3165879633 5988062 266084123 5988062 266084123 
3399145107 5988062 5988062 
528842323 5988062 5988062 
572887349 5988062 5988062 
106314050 5988062 
209421658 5988062 5988062 
438894465 5988062 5988062 
928665294 5988062 5988062 
718833946 5988062 5988062 
277865735 5988062 
348173579 2837244053 
1534561674 5988062 5988062 
2694852194 5988062 
2580906410 5988062 5988062 
60003258 5988062 
190238258 5988062 
402667853 5988062 5988062 
2200490815 3051725225 3051725225 
399900887 5988062 
122049449 5988062 
355733612 5988062 
34717297 5988062 
154838540 5988062 
2780810295 5988062 5988062 
1898496596 5988062 
2829993617 5988062 5988062 
12398022 5988062 
1436409618 5988062 5988062 
2984717803 5988062 
1926016470 5988062 
2731047263 5988062 5988062 
2902403625 
36415086 5988062 
3399350566 5988062 5988062 
29480631 
1434532008 5988062 
427495215 
156807569 
3396658829 5988062 5988062 
1086779562 297771685 
620210701 5988062 5988062 
2688590208 5988062 5988062 
353729475 5988062 
2850483731 1038078139 1038078139 
19254775 26487169 26487169 
3246105114 
32750439 5988062 
149503638 5988062 
29006135 5988062 
97781259 
87318742 5988062 5988062 
3026986395 
1239715004 5988062 5988062 
2767309198 5988062 5988062 
232936320 5988062 
564165011 5988062 
1692174140 5988062 5988062 
90260441 5988062 
2562075239 5988062 
205371115 
2889971332 1086779562 
116344653 54096689 54096689 
3027571762 
274205562 5988062 
1488864481 
124578114 
299954621 
141605349 5988062 
2612102464 27839828 
2232047653 5988062 
3286618622 
2919837368 5988062 5988062 
3012811346 1292439571 1292439571 
2408214882 
175604092 373703345 373703345 
211345057 373703345 141834186 
176276117 1865005212 1865005212 141834186 
2896626894 5988062 5988062 
98468907 257442762 257442762 
2918876204 2838670203 
966461749 5988062 5988062 
349597302 
11938212 5988062 
3239321863 
133261278 
345160251 
3065914455 
73081987 
3384774213 133261278 133261278 
1249284978 
3222688017 
1179710990 
3372211240 5988062 5988062 
202008470 5988062 
2502260107 
1398700290 
2425695912 
2457894746 
32365573 1297207694 1297207694 1297207694 1297207694 
456977393 
252316159 
2891953294 1297207694 1297207694 1297207694 1297207694 
3301757095 5988062 5988062 
159233438 5988062 5988062 
3278143777 
600949936 
37519021 
2229646347 
77979777 
1094952104 5988062 5988062 
2264978025 5988062 5988062 
310717413 
122442733 
2848024864 5988062 5988062 
35835317 310717413 
20625218 
17955153 555786188 
1487402358 
1953317827 
3218497703 
3205260519 
2257612799 66018799 
122150534 
2395706965 
1956233017 
555786188 17955153 17955153 17955153 
990009265 
39226263 990009265 
64837409 990009265 
3227664951 
3207525419 
1013427474 990009265 
73635356 990009265 
3212320509 
557344637 990009265 
34312041 
2763587250 
172437103 2896295871 
240375818 990009265 
589257347 5988062 5988062 
204552368 
244439860 990009265 990009265 
204366811 
28003949 
2829294694 28003949 28003949 
2809657193 28003949 1292439571 
544333831 3244921294 
2178110986 28003949 28003949 
211809624 28003949 
411394146 28003949 28003949 
3268775628 
964546038 1239688873 1239688873 
2810434306 66018799 66018799 
1334865294 
2334290731 28003949 28003949 
2347229838 
405526221 990009265 990009265 
1335066086 
296485954 990009265 
1456694719 
364930955 15063486 
484657086 990009265 
147923342 15063486 15063486 
1186808365 55935057 55935057 
55935057 1186808365 55935057 
2257709803 15063486 
3192482611 3115790063 3115790063 1292439571 
96419957 
204876816 96419957 
83396222 
3044926223 
2966391220 
103212138 
14427663 
2783928551 
151919653 
31223236 14427663 
16439471 14427663 
220765205 151919653 
52141764 15063486 1317650570 52141764 91099960 
498459134 14427663 
826677510 
2346942900 
266084123 
1614765523 266084123 
2294969654 
2426813004 266084123 266084123 109274506 
785860278 266084123 266084123 
517937578 266084123 
260747401 
463431819 260747401 
14723235 266084123 
324185138 
77425319 266084123 217078361 
3277294370 
307881147 
632947719 14427663 14427663 
136395858 
3232678552 136395858 136395858 
364781012 
3208636833 3208745518 3208745518 
3239642962 
38173254 
3209528955 
462460274 364384953 55260264 
37426182 5988062 
163927383 
125128428 
3028986579 163927383 163927383 
2870569900 2159335132 2159335132 
1146809210 163927383 163927383 
2399922175 
567716577 
3026620967 
3157315565 
1474914252 1711305966 
58172461 
1049609888 28003949 
715921478 5988062 
3285819409 
167860942 28003949 1633453286 
1488495162 28003949 28003949 
3398620035 
2347238814 
308153568 1239688873 
322273942 121588342 
247279597 
111432633 
69197199 
2308922960 
845925109 
24841259 
233890225 990009265 990009265 990009265 990009265 
57963810 104069830 
15933658 
514966256 
21929635 
2347123154 
1604693838 2159335132 
900414258 1091354204 293025517 254162840 
2857117532 
3369930585 5988062 
5853962 5988062 
408060640 5988062 
144225816 5988062 
3293322849 5988062 5988062 
359692064 5988062 
70650509 5988062 
3091533683 5988062 5988062 
618587448 5988062 5988062 
461803364 5988062 5988062 
185622716 5988062 5988062 
245385426 5988062 
3254856364 5988062 
237994971 5988062 
54972518 5988062 
3402009159 5988062 5988062 
3159997688 5988062 5988062 
63201802 5988062 
30300547 5988062 
1702435508 5988062 
38218247 
17735061 5988062 
1137698449 5988062 5988062 
2683591446 5988062 5988062 
62679914 5988062 
1934959154 5988062 
63368107 5988062 
506591093 5988062 
902841756 
1933758433 5988062 
116793440 5988062 
989696388 5988062 5988062 
291547545 5988062 5988062 
40215629 5988062 
257409412 5988062 5988062 
101599565 5988062 
82245088 5988062 
3028486605 5988062 5988062 
1345312093 5988062 5988062 
2878550155 5988062 5988062 
520167364 5988062 
277812063 5988062 
3178988635 902841756 902841756 
82247534 5988062 
3007713408 
3382555439 5988062 5988062 
3293630295 
885606271 5988062 
137250259 5988062 
621409278 5988062 
82576485 5988062 
789608102 5988062 
494705612 5988062 5988062 
153452737 5988062 
617988204 5988062 
2360071993 5988062 5988062 
626688719 5988062 
380841462 5988062 5988062 
2320427324 5988062 5988062 
2711260435 902841756 902841756 
1279782804 902841756 
16956277 5988062 
95170812 5988062 
3250933615 5988062 5988062 
3062007386 902841756 902841756 
3295061863 5988062 5988062 5988062 5988062 5988062 5988062 
358089187 5988062 
28899112 
321353408 
1195724178 
2357094577 16439471 16439471 
48833593 
3071636419 3007713408 3007713408 
3400327251 5988062 5988062 
249830554 
145503191 5988062 
1484327257 16439471 
190226961 
1658384953 
447161218 190226961 
499675791 
3254347732 
302206266 5988062 5988062 
1484234522 
243844542 16439471 16439471 
2488786926 
101136300 902841756 
13391882 
3271689492 312039297 
1136522773 1527449270 
2463571945 1239688873 1239688873 
71959874 
140782566 
552671780 5988062 
500713859 1292439571 2159335132 
923252185 16439471 16439471 
2885981820 
21282137 69319223 
490181551 
397466667 
3300582636 
256456300 
2347258423 
1317650570 52141764 
159519955 
48545702 
3300299925 
1342905570 
843074762 5988062 1292439571 
567266222 
2330515164 
2807454043 
2351526181 2807454043 2807454043 
1399113342 
3024808438 
275322482 
814054454 5988062 5988062 
1898083759 
3352107935 
2951005080 
3277696483 
16051687 
138918506 
358246876 
230109060 
2689237130 539721796 539721796 
261172636 
3402411701 
452340335 
64954818 
587436299 
184627206 
1366816092 
872553170 
1633453286 
1566827815 1342905570 1342905570 
196427745 1633453286 
212023751 1633453286 1162651273 
2731869441 1633453286 1633453286 
118837027 1633453286 
27172412 1633453286 1633453286 
298401282 1633453286 
2426148992 1633453286 1633453286 
2811036857 1633453286 1633453286 
345367689 1633453286 
703676670 1633453286 
21351506 
87504570 
201027370 
2802248285 50797952 50797952 
24278396 1633453286 
724889701 
1306186106 
130934111 
21352370 
17573918 
2572916660 
116392693 
47630921 
2802182183 
3025969877 3024808438 3024808438 
2847881972 
272558204 431969214 
21995733 1633453286 
69540361 
130472108 
263160690 
368933390 
91153829 1729770470 
14360516 
805905451 
1235613098 1633453286 
2787260357 
2315918467 1633453286 1633453286 
2481896449 20855420 
1729065984 20855420 
2999159432 
612652633 2999159432 
3244921294 3115790063 490181551 1149567217 66018799 2598573363 2984077096 908305256 
281411022 
293025517 281411022 281411022 281411022 281411022 28003949 281411022 281411022 2904071733 28003949 281411022 281411022 281411022 281411022 281411022 281411022 281411022 281411022 
374923758 
850652642 
1216200444 
297885329 
413155365 
628818072 
603088390 
1702220268 
1876114368 
1692364190 
2153982932 
1692245178 
1513772658 
2545360910 
248023654 281411022 
1024722828 248023654 281411022 248023654 281411022 
3354755613 
7080552 1633453286 
16488155 1633453286 1633453286 
415401869 
129248147 
961423567 3108359848 2673763098 2896380156 961423567 
2269317685 248023654 281411022 248023654 281411022 
2904071733 
2288728574 
133776275 
2425592606 
3309261987 
58794724 281411022 
3331463668 3420107517 3244921294 
255531287 1633453286 
328807055 
93912662 2256760459 
383820312 281411022 1292439571 39458583 940160473 
2470536999 281411022 281411022 19080151 
1378802917 
380719281 
15899278 
931012999 
803502542 
3172652068 
2946667279 16439471 16439471 
2408781523 281411022 
834364338 
853613946 
156636361 1633453286 1633453286 
318904285 
212291101 1633453286 
921632886 1633453286 
3091003138 1633453286 
457630274 5988062 
3353043453 
2388428842 415401869 415401869 
400467936 1633453286 1633453286 
203296291 3353043453 
2459398104 
2269557301 1633453286 
263477038 1633453286 
1170545190 1633453286 1633453286 
476232816 3115790063 
2837244053 3115790063 
2412475357 3115790063 
71676851 1633453286 
1557706741 2999159432 2999159432 
19938133 2999159432 
2785887928 3115790063 3115790063 
1123684867 2999159432 
1259773070 852483272 
158399202 
3365779133 
3072952136 3115790063 3115790063 1292439571 1292439571 
23573663 
371398125 37894015 1477141884 373438913 314548237 
1104723979 
15885233 
2549593170 20855420 2481896449 
3212044223 3209492230 3209492230 
550464306 
3109835171 
35435904 1633453286 
79026993 
2443812056 
56138069 32358296 
4922631 
1395600319 1292439571 
3208961224 3177217860 3177217860 
17983365 1395600319 
69519762 1633453286 
1553809286 1395600319 1395600319 
20909037 1633453286 1633453286 
144087939 
71971666 
431220987 
154673005 431220987 
133803581 
14913137 
191063796 
1548294744 
45579405 
2398783549 45579405 45579405 
280082481 606598227 
2798317598 606598227 1292439571 
98250417 1633453286 2540580547 1633453286 2540580547 
307452066 
1569857186 1569857186 
1568434604 1569857186 
25300494 168117676 2838670203 534929951 2838670203 768577789 17537467 2960233383 2830526400 383820312 104069830 2313836011 
49210400 
231435363 45579405 
163175581 
3006989727 1292439571 
49770741 1292439571 79649711 19080151 19080151 123233792 1292439571 3244921294 279591787 1292439571 16190478 1292439571 
3292488420 1292439571 
2453476524 1292439571 
37602035 1292439571 1292439571 1292439571 1292439571 134799789 
3279331363 
243985729 
46306298 
1428815594 
957371209 
133242280 
66367082 3244921294 587508712 1602224485 587508712 
3347290719 3244921294 
3007363977 
63530337 
2863847967 
136317730 2411218802 403436252 
2497314529 
3331485749 
768577789 2838670203 17537467 
823827907 
1849370575 1849461949 1849461949 
3158822445 
504808762 
3209329029 3177217860 
2523605870 
895234316 555370896 
591291172 
589462855 
2245441478 66018799 66018799 
2974322945 
585449610 66018799 
2488468213 
947186557 2433423134 2313836011 
314169551 
436985202 
3216205491 
3308268819 2800549223 
49199981 
326709238 
2462543280 314169551 
2604521237 2838670203 768577789 17537467 
1692668804 32358296 
2814040114 
2778005963 534929951 2838670203 768577789 17537467 
301019006 534929951 2838670203 768577789 17537467 
2281953847 
36164779 3108359848 
103162772 3108359848 
31579226 
1090948867 3108359848 
2480159485 
2410008192 
557694178 
48673284 3268089337 
2256561215 
1494835716 
28564316 
1342895516 
47573602 38422859 39524149 555370896 
27352127 
3021430700 
3269494706 3174372801 
3026448357 
2785737504 
3026544358 3027571762 
3109224523 
1289813677 1494835716 
57730471 
48389713 
2737251046 17537467 17537467 
582882232 555370896 
2469815894 582882232 
323870386 2790292676 323870386 
2361823158 
750847363 
416623169 
2291618922 32358296 
3295585643 
835761086 
3060706510 
16753407 
244358010 16753407 
17605364 16753407 
1849080410 16753407 
312720576 16753407 
105845978 16753407 
365549928 16753407 
341105081 16753407 
35338880 16753407 
330652998 16753407 
510942432 16753407 
576227118 16753407 
183283706 
2401592090 
2480827290 2540580547 
3166946673 
15257975 16753407 
332507058 500713859 
549467552 16753407 
3025928565 
379297386 
3191065123 
2422875990 
385631902 34384708 
34384708 385631902 34384708 
2841485962 
2260757870 
2544040771 
2191093538 
2474233490 
2488742641 
2209323169 832886564 
832886564 2209323169 832886564 
3165445719 
124733381 
2350408909 332507058 500713859 
1703864486 3244921294 2443877819 
2409578707 
160369782 
123804092 3244921294 
2438202859 
3158711733 
3026336284 
18869909 394791500 
3334597018 3244921294 
394791500 18869909 
3177554316 
3023066423 
1449004548 5988062 
2193750641 
2282444113 
1367635076 300932489 
20792681 2283353341 
2283353341 20792681 2283353341 
3012412476 
2399437897 
252398355 
1553444053 252398355 
146408874 252398355 
220728454 20792681 2283353341 
23876237 252398355 
472115425 252398355 
463749076 252398355 
1099886172 252398355 
1059585464 252398355 
2317957736 
1904325156 252398355 
65744408 252398355 
634168631 
1159436552 
191846998 
210153749 300202031 
22728614 
728814200 
21201150 
2978710276 21201150 
1961483443 21201150 
570818132 21201150 
149313670 
3157936122 21201150 
27922586 
1367921624 21201150 
2444982048 
3228536823 2444982048 
249895896 21201150 
576939846 252398355 
3375673377 
133479912 21201150 
2443877819 
65065464 2443877819 
230045723 21201150 
1340224687 
1851815635 
213018663 
21239654 27922586 
375405313 3244921294 
426211557 252398355 
562149429 3420107517 
51670985 562149429 58711646 
297054637 252398355 
19629210 21201150 
6173692 562149429 
303503398 
20010655 303503398 
39958432 303503398 
1227852967 272558204 
226723035 272558204 555370896 
2398364119 
2847514744 1633453286 19080151 3244921294 
2428499479 
3024351744 415401869 
3303522982 
1054992506 2422875990 
28104499 
3024441434 
431969214 
119199702 431969214 206962580 
3222278001 431969214 
2769701894 431969214 
553785058 431969214 1292439571 
1451377339 431969214 
2601118704 431969214 
3197127891 431969214 
99126629 431969214 
854823122 431969214 
547753852 252398355 
28662619 252398355 
3254364449 2444982048 
3119341433 
380179008 431969214 
306119761 
224383563 
1176134665 321353408 
461385547 321353408 
2722776560 
314243234 252398355 
3232145240 
1091354204 1292439571 1292439571 1292439571 3244921294 1292439571 2736343046 1091354204 
3413382713 
474178244 431969214 431969214 
282932496 431969214 
2829243280 19080151 
2730706777 293025517 
325994896 
3094426231 
2748460636 431969214 
2225827864 3244921294 3244921294 
2348556931 
3174372801 
2727020975 431969214 
48951313 
3372073282 
3262649672 
60638176 
235692936 380526746 2678355564 2159335132 
380526746 235692936 380526746 2678355564 
106441612 147241562 
2669709960 431969214 
739510476 19080151 
15143621 
147241562 106441612 147241562 
3272481211 
393551997 431969214 
884446584 
65919935 278115412 
69896457 278115412 
1886068736 2678355564 1886068736 
78364932 19080151 
111107350 
3023260293 
3389630140 
115807317 
39524149 555370896 
79175176 39524149 555370896 
2951248157 39524149 555370896 
121171051 39524149 555370896 
3352416107 
710777930 3352416107 
3121202594 3352416107 
3307743439 3352416107 
3226509478 3352416107 
403992815 
3389680871 3352416107 
3277355796 3352416107 
555370896 214914890 
935491188 555370896 
3159177021 
3300707338 555370896 
3392306751 555370896 
403115265 
128680979 555370896 
263834995 555370896 
26470418 555370896 
159464272 555370896 
246725820 555370896 
1325481396 
444748548 
58869220 131249283 
287660375 555370896 
604679073 555370896 
469190482 2678355564 1886068736 
1216658401 
2541458987 555370896 
2729504391 3007713408 
81349083 555370896 
2474398730 1813434864 
1813434864 2474398730 
567482790 634168631 
102761713 21201150 
485633508 634168631 
2352617678 
435860035 
2957447451 
279591787 2172559621 
2444313433 279591787 
435063287 279591787 
547758572 69319223 
258407054 279591787 
115543224 
3231860316 266084123 
1076537990 
247880901 69319223 
730560078 69319223 
2976578589 87645208 255666550 87645208 87645208 91099960 38422859 66018799 
1013442566 278115412 
304820025 
3131296858 
166001916 582882232 
2175714210 
3160713916 
209941571 
45410890 555370896 
2393435882 
2348167147 
21474769 
2521238090 
414881623 279591787 
19802846 
2551006890 
2769935160 
74841347 
76558553 2175714210 
1316956274 2175714210 
2326222993 279591787 
865210699 279591787 
293167675 279591787 
250670670 2175714210 
2959179523 
1162651273 1162651273 
2293418102 1162651273 
1978165356 1162651273 
2442079590 279591787 
2377091478 
104394500 1162651273 
324212980 
554720674 1162651273 
2641726901 1162651273 1162651273 1162651273 1162651273 
247555612 2976578589 
854017279 
18810217 854017279 
2761853959 1162651273 1162651273 1162651273 1162651273 
38422859 1849304827 38422859 
2752923901 1494835716 
188050283 
261751772 
2598298903 1239688873 
2582427774 1239688873 1162651273 
1496506104 
809918786 727472528 
113448327 1239688873 
366853135 1494835716 
3254816213 1494835716 1356992605 
305483537 1162651273 
2666471250 2598573363 
101879285 403436252 
813530198 403436252 69319223 
2549809711 
3191591624 1162651273 
85333224 
44223391 403436252 
2409595814 
2414609995 279591787 
411046193 279591787 
2398599938 
47153313 
20746410 854017279 2800549223 
114955534 854017279 
216857445 854017279 
1262275483 
1451911826 854017279 
1500832646 854017279 
469086244 12896172 
1174827270 
338732766 1174827270 1174827270 
286217515 1162651273 13374 267448332 213991030 
13374 1162651273 64067171 
2279864526 1162651273 
3244996911 1162651273 
564725304 1162651273 
2725474570 1162651273 
782475307 13374 
75864603 1162651273 
2869217387 47153313 
130977700 1162651273 
81718230 
2241461716 1162651273 
3277779020 1162651273 
1003697563 13374 1162651273 
2865973738 
2972123284 1174827270 15427912 
1721826350 1162651273 
38682551 
3206972201 
271345708 13374 337401628 229670513 
75615329 1292439571 3403323323 75615329 2785887928 
131929546 75615329 
2220376029 
3402732117 
1658555072 
1090471321 
2250773786 
2417727836 372554569 
2646563413 372554569 
2223816804 
2523807409 3244921294 3244921294 2443877819 
2282386165 
606042176 1162651273 
277064676 
2244278892 
2778428470 372554569 1292439571 
2806676274 279591787 1292439571 3244921294 66018799 
58966831 
2798798158 58966831 
2604463109 279591787 
416296194 
41165751 87645208 226997507 
238015192 21474769 
2528078443 
2473152336 
287589916 
3160597432 
2952557518 582882232 
37216024 
29141352 
1375150830 372554569 
54773913 372554569 
321627614 372554569 
4574161 4574161 
96512306 372554569 21051642 3244921294 1292439571 
499216919 
51578988 
3252191410 
1701698635 3252191410 
2165033947 
5715752 
17622775 5715752 
3091669923 5715752 
1182378068 5715752 5715752 
129594482 
3035408031 5715752 
2715331594 5715752 
261885661 49323761 49323761 
3420107517 562149429 3420107517 
70235374 
3386977203 961423567 1292439571 3244921294 
1373163403 961423567 403436252 66018799 1292439571 
401498955 
2556738258 
806614112 5715752 
3394421337 5715752 
3420788063 5715752 
588376209 5715752 
840513422 5715752 
22199904 5715752 
1556404302 5715752 
2360832798 75255479 
63766213 75255479 
287498188 
1394898288 5715752 
2769721476 
446568247 2256760459 
2256760459 446568247 
47593615 300932489 
2466154559 5715752 
192269050 58711646 
15427912 
402333589 192269050 58711646 
351878652 
609302538 66018799 
2357951545 5715752 
461810707 5715752 
2577283156 5715752 
3064107227 5715752 
91619155 2918876204 91619155 
381084382 5715752 
2814584321 5715752 
53017384 5715752 
124887111 5715752 
57888122 5715752 
1668084019 5715752 
2786214196 5715752 
1578038862 5715752 
2809044646 5715752 
3360275237 5715752 
2372002118 5715752 
2457747973 2918876204 
318955415 5715752 
3393553743 5715752 3268089337 66018799 
130796289 5715752 
73338021 5715752 
353096857 5715752 
148088741 5715752 
1048831766 5715752 
3194099095 977478433 3366844642 
587410070 5715752 
3257607609 880165526 880165526 198553539 
3022159223 5715752 
580265439 5715752 
403018382 5715752 
355635999 5715752 
148997565 5715752 
246295381 5715752 
1231146032 5715752 
2465187761 
138353256 5715752 
1589391517 
2342629211 
2359293380 
925504734 
913864939 
279118291 
51082394 
1671271333 
122427214 
49721491 
299551446 
2980921303 
2322296624 299551446 48534642 
2706510680 
454542954 2918876204 
3292267826 
3390180886 469086244 12896172 
269902419 255340030 
255340030 269902419 
778757532 255340030 269902419 
2976437673 
47534393 255340030 269902419 
226523792 
1928837743 5715752 
2265885618 
1225792795 255340030 269902419 
2325961495 299551446 
111313342 
259329309 5715752 
3178645162 
292027103 2313836011 2287850456 1853261750 2236560895 
2313836011 292027103 2287850456 1853261750 947186557 2313836011 101846891 2313836011 101846891 
2287850456 1853261750 2313836011 292027103 1853261750 2313836011 292027103 1853261750 2313836011 292027103 1853261750 2313836011 292027103 
248811404 
91635777 2287850456 1853261750 2313836011 292027103 2287850456 1853261750 2313836011 292027103 
50812408 
2538090492 
3246064769 2313836011 3246064769 
1853261750 2287850456 2313836011 292027103 
87339732 
2953515453 
1588884530 2313836011 
3159519459 
1956492258 
1191662850 
2467907543 2847881972 19080151 
2463739170 
125351267 2847881972 499675791 1292439571 124297037 1292439571 2838670203 2834579854 
2354783671 
2721808904 2838670203 
13870942 405194953 13870942 293025517 337401628 
123233792 2159335132 
2177175701 
134229245 
15970784 
2267856554 
273456262 
951502784 
1430746742 
2354247799 1430746742 
2220445441 
3240390307 2220445441 
2173108910 
3421019055 2220445441 
49240542 
406400734 
1624437907 
3190388565 
3349359484 2220445441 
3362021481 2220445441 
3196732506 2313836011 
844129537 1292439571 
2526177432 
17687565 428873967 
302152701 
307739790 
2816367153 
342957283 2816367153 2411218802 
2732820467 2816367153 
3421383863 3421383863 
3347591013 2816367153 
265858779 2220445441 
110157048 
3287257699 2261726353 
2872282579 191063796 
140471399 
1849304827 38422859 
785083182 
3239955086 273648929 711155684 3239955086 273648929 
273648929 3239955086 273648929 
3299425326 3239955086 273648929 
711155684 3239955086 273648929 
979516315 2313836011 
434207544 
61808074 434207544 
30203360 434207544 
1637772139 434207544 
445785705 434207544 
2969900219 434207544 340064107 
145068025 
3236501593 3239955086 273648929 
128370270 405194953 
2320797671 
532472727 
2664779036 13374 
62357503 1292439571 62357503 
3047985655 1292439571 
2779021911 1292439571 1292439571 
1486066801 1292439571 1292439571 
2283939942 1292439571 
31087423 
2172749372 1292439571 
362197116 1292439571 1292439571 
115076631 1292439571 
3126913587 1292439571 1292439571 
69500480 1292439571 1292439571 
383859810 1292439571 
619357720 1292439571 
228048565 31087423 
2645227748 2220445441 
1623606493 1292439571 
890918743 
2348119694 1292439571 
635039121 1292439571 1292439571 2159335132 
488669140 1292439571 
406316397 1292439571 
1608196628 1091354204 2721321250 2696904101 2721321250 
270547605 
336729151 
286089789 
245343379 554720674 
950465161 1292439571 279591787 1292439571 
226997507 1292439571 1292439571 41165751 226997507 3244921294 3331438299 
76357575 1292439571 
1546426322 1292439571 1292439571 
2800362548 1292439571 
369760961 
173802033 369760961 
1038152330 1292439571 1292439571 
3089999849 1292439571 
2469240457 1292439571 1292439571 
596925435 
998188303 1292439571 1292439571 66018799 
10720882 1292439571 
2776306870 1292439571 
481409666 1292439571 
930021348 1292439571 
992077086 
980880956 992077086 
1616290519 1292439571 
584850080 1292439571 
497867904 992077086 
540315439 992077086 
2905177678 992077086 
385322775 992077086 
2537995166 1292439571 
2759244988 992077086 
1275749880 992077086 
1677842870 992077086 
2978650221 992077086 
2163450864 41165751 226997507 
1038028680 992077086 
1864414046 
54909514 1292439571 
53870725 1292439571 
139087615 1292439571 
100001518 1292439571 
100809592 1292439571 
179109070 1292439571 
100786502 1292439571 
139146579 1292439571 
858290600 1292439571 
402084610 1292439571 
721838497 1292439571 
733075519 1292439571 
2433423134 270547605 
1921282368 1292439571 
993198061 992077086 
69958501 1292439571 
3386736244 1292439571 
29969188 1292439571 
98466900 
343565763 1292439571 
99383259 1292439571 
2377742384 1292439571 
455112882 992077086 
2914491928 992077086 
2523551004 1292439571 
105889980 1292439571 1292439571 
1513532196 992077086 
151086788 1292439571 
1335076610 
118795734 1292439571 
199847605 992077086 
1611244260 1292439571 
11632092 992077086 
2198185243 1292439571 1292439571 
2256239927 1292439571 
2986615031 992077086 
767924785 
207154307 1292439571 
2832240406 1292439571 
2606785649 1292439571 
217421873 
2763022800 
1516662030 1292439571 
301616721 1292439571 
471071814 1292439571 
630944189 1292439571 3430543833 
392871900 1292439571 
320306921 1292439571 
614747277 1292439571 
381418196 1292439571 
1453777434 1292439571 
3023091052 1292439571 
257779656 1292439571 
843041142 1292439571 
2746196523 1292439571 
876529166 1292439571 
3374471237 2220445441 
213991030 213991030 
2414457033 1445912984 213991030 3403323323 2249208950 200918966 2414457033 2249208950 200918966 2414457033 
700968630 
926269062 1445912984 213991030 
20764056 
2263220017 
2683699989 2263220017 
48534642 2263220017 
593718808 2263220017 373438913 
228795466 2263220017 
49323761 
1074525745 2263220017 
386444922 2263220017 
2264363900 
2856404785 1445912984 213991030 
2977285569 
2935471146 1292439571 1292439571 
40820283 1292439571 
3127685356 1292439571 
3425916771 1292439571 2159335132 
746034487 1292439571 
3032111928 1292439571 
877551276 2935471146 
15250752 1292439571 
84300444 2263220017 
18892635 2263220017 2180319366 
142295954 1292439571 2935471146 
553423842 1292439571 1292439571 
24772718 
3359064478 
2903132871 2935471146 
3231565720 2263220017 
62147133 
27045771 62147133 328278834 131249283 
870600342 2935471146 
2280998132 2263220017 
902596597 1292439571 
632514374 1292439571 
3312948187 1292439571 
3399847997 1292439571 
2279670090 
1170690691 
101846891 2313836011 2313836011 2313836011 2594860710 
364384953 
122886494 
3347645104 1292439571 
156699004 
24381764 2263220017 
214252752 
126916983 
1515438972 
17741758 87645208 
3425843368 
87645208 
59614743 87645208 
3080191047 87645208 
2488577875 
1320131076 
1522149614 87645208 
215461216 87645208 
2738342085 2159335132 
2725109187 1292439571 3244921294 66018799 2159335132 
2217800655 
3293218198 3244921294 66018799 293025517 3244921294 124297037 2443877819 1091354204 
2805314939 1292439571 3403323323 
2792892015 1292439571 2426928816 2678355564 3244921294 
493569553 1292439571 
515640272 2159335132 
246993396 1292439571 
381944770 87645208 
3230540212 87645208 
574771127 1292439571 
396507413 1292439571 
1644946482 1292439571 
3401800876 
2859784900 1292439571 1292439571 1292439571 
2894171364 1292439571 
303891803 1292439571 
1380729954 1292439571 
1560906649 1292439571 
3085460754 
3412155755 3244921294 
2782531248 
1899795816 
1527449270 
2545283606 1292439571 
453766124 
2272978598 
245164168 
65984702 
2886736311 
382901866 240265305 
1448600947 
606063812 
94084686 
2764109593 
3412424825 
222065212 
3254153752 87645208 48534642 
2767036163 300202031 
245693197 
626985423 69319223 
1229170682 1448600947 
3424644712 340064107 
1378028484 
2245205664 
319230450 
2231905548 
1555231692 2231905548 
77632355 2231905548 
365953383 2263220017 
1368328147 
631070605 
2355152160 
2158613570 87645208 
837933536 
376206547 
1421290633 376206547 
532779460 
132208281 151919653 
2263189952 
2719993785 87645208 266084123 
1433111642 1292439571 
231056756 2236560895 
1159091352 1292439571 
3399891370 
261253187 1292439571 
291640996 1292439571 
463775286 255666550 87645208 
1901561167 
3069172528 
138713188 1086779562 93118049 
293245266 
3266591372 87645208 
2713029169 
521534914 87645208 
448242734 87645208 
245651739 
3170942097 87645208 
2690609701 87645208 
1477093922 
323813804 87645208 
267448332 
3087794745 
17722542 267448332 
2871142023 2313836011 
30279772 
3366844642 2969900219 
15797425 266084123 
374775473 266084123 
2361564184 266084123 
3281552893 266084123 
57886729 
15896652 223851518 
3242649868 266084123 
322770027 
2502329424 2935471146 2935471146 2893135260 2838670203 
3223894625 
2811566381 3244921294 
805302122 2935471146 431969214 
2879297803 2256760459 
21051642 5967972 
1532198083 2256760459 
2198191542 
2414931 
543110236 
3131282488 1292439571 
3154581231 
3156928906 
2948123919 19080151 
134144921 
429120439 1292439571 
1729770470 1292439571 
17494767 1292439571 
2312387600 1292439571 
55273360 2313836011 
318593954 
2802550303 1292439571 
553643100 267448332 
1287321284 138713188 1086779562 93118049 2195266310 2195266310 55348286 
106659606 3244921294 
246538797 
1493943552 300202031 87645208 19080151 
2336787329 1292439571 
1320937494 1292439571 
562236448 1292439571 
1637725969 87645208 91099960 240265305 
2735672252 
726606516 
3091374658 
1711305966 1474914252 
2812163475 
3129047133 
225356039 
566552762 226997507 
91099960 
2417385907 226997507 
2792171854 2678355564 
2850722943 226997507 
2899713352 91099960 
2678355564 2792171854 1292439571 
270921976 91099960 
426070710 91099960 
2291536631 1162651273 
143601325 1162651273 
2782040372 1162651273 
617022957 1162651273 2838670203 460731718 
2835831081 91099960 
2551394742 
482969953 2414810330 
2783538092 
2615305706 91099960 
140023693 
2577298687 
234550884 91099960 
1247547019 6754922 
338459738 1292439571 
2455380108 1292439571 
3207885119 
149247880 
3403323323 
3281754584 3403323323 
607167777 3403323323 3312459069 
3039257555 3403323323 
317756675 3403323323 3312459069 
3312459069 3403323323 
2835108226 3403323323 
152158241 3403323323 
3310461107 
2757082275 3403323323 
3410677325 3403323323 
2873466784 3403323323 
1485058292 3403323323 
592656183 3403323323 
375196678 3403323323 
2707375324 3403323323 
3034174301 3403323323 
339882890 
3043922668 3403323323 
49021440 3403323323 
289373969 3403323323 
3185049295 3403323323 
555819058 3403323323 
2430282864 3403323323 
3348284830 3403323323 
2472014665 3403323323 
2828227200 3403323323 
221618096 
138418838 
1342914152 
68076161 
15339921 
3161005390 
1427299556 3403323323 
1035167324 2159335132 
2224508862 91099960 
2304826140 2159335132 
2875804354 75615329 
2172559621 279591787 279591787 
2250474737 279591787 
34387114 
2563932243 279591787 
41231330 267448332 
1173261715 279591787 279591787 
83847970 279591787 
1270664520 279591787 
611128831 2466080558 
257839239 1292439571 
55813812 1292439571 
1382627982 3244921294 
24638730 
143152420 24638730 
1490788159 3244921294 
2826242588 1292439571 
2800549223 3244921294 1292439571 2838670203 2838670203 2800549223 66018799 
200918966 2721321250 2414457033 2414457033 
352320187 1292439571 1292439571 
437439042 3244921294 
620310214 
2303340408 620310214 
1499167165 620310214 
3157858835 
18978131 3244921294 
2359251582 1292439571 
3427021157 200918966 2721321250 2414457033 
447999329 
982676526 1292439571 
942649616 1583035398 124297037 273648929 
2285323062 267448332 
488060497 
2249208950 200918966 2414457033 200918966 2414457033 
297771685 1086779562 
3028072109 3244921294 3244921294 
2375521386 
49219932 
2905627686 3244921294 
1331104922 3244921294 
735307086 91099960 
2734103126 58711646 
2720006049 
1286679588 340006233 
340006233 1286679588 340006233 
281593629 
924354284 281593629 
475883748 300202031 
2426928816 2678355564 
224820157 2426928816 2678355564 
291685839 735307086 91099960 
353934314 3403323323 
346761373 3396124991 
112529991 
3029027123 1162651273 1162651273 
198945680 3244921294 198945680 
2674220738 
587508712 3244921294 
277069083 3244921294 
236028801 3244921294 
40456700 3244921294 
3297662428 
2590645216 279591787 1292439571 
3017776576 279591787 
1633513916 281593629 
178816026 3244921294 
2836882956 281593629 
2400343586 
330497152 
3092143149 281593629 
297186667 
256409027 1292439571 
2955098326 
2367297091 
82633295 97518893 248352630 
2975490465 
269839336 
1900079221 3244921294 
169637331 
2493730507 
828151412 19080151 
2657037480 
134799789 
137474806 134799789 
212637553 134799789 
25686552 134799789 
2370125906 134799789 64067171 
251622947 134799789 
562067845 134799789 
463682576 134799789 
56103593 
141598993 56103593 
2477920644 56103593 
22757247 56103593 
480543668 56103593 
1116421326 56103593 
1518904280 1292439571 69319223 
3081786853 1292439571 
80532808 134799789 
524286390 134799789 
740397097 1292439571 
257671721 1292439571 
1858857026 134799789 
2371486795 
257164497 134799789 
249151244 56103593 
2465015920 1292439571 
552779064 1292439571 
84584229 3244921294 
3051132234 1292439571 
187964046 134799789 431969214 
188363258 
714399620 2830526400 273648929 
3346741966 3244921294 
38810710 
3186440924 134799789 1292439571 
437995846 
167811348 293025517 293025517 293025517 293025517 293025517 293025517 293025517 
3258445493 
313479514 
2388812088 1292439571 
3291989658 3244921294 
54204081 
1278717012 
2793556231 
231390130 56103593 
300907974 
257436071 2180319366 
3421777493 
3432538966 
3265559538 
987679290 
112709628 
291352958 112709628 
97518893 82633295 248352630 82633295 248352630 
28407710 
725711756 
234540820 
3052755670 852483272 
1466848657 852483272 
2857128238 3244921294 3244921294 
367843406 852483272 
187301970 
19971316 
19564179 19971316 
1409021160 
735701744 987679290 
3092388171 280668353 
3344185061 
1317689665 187301970 
396156403 187301970 
210753665 
326605309 
1097291030 
2844379180 2721321250 
3314658544 2844379180 2721321250 
147774520 
1350276613 
1350254262 
2893135260 
813853010 
1888035650 
1633644079 
2308817593 
2308411033 
1667574200 
1628313818 
1628613636 
293172311 
2655455804 852483272 
209050006 
1972455324 1972455324 
162845931 267448332 
3044699697 
454831138 281411022 
137777900 267448332 
3407343754 3244921294 
328278834 
61932089 281411022 
3035677629 1426762752 3035677629 435260935 
3283855778 
59445101 
145163404 
2751536594 
211480416 
47962856 
2279809478 47962856 
1351360772 47962856 
2614211058 
3401020835 880165526 
3396410853 
29662823 1162651273 
3100569793 
3069213205 3100569793 
153157382 3401020835 880165526 
2243324744 29662823 
37329581 47962856 
3299912624 
844740403 37329581 47962856 
1948657260 2320797671 
1215947096 
107794703 1215947096 
288736950 1215947096 314548237 
405194953 13870942 
161876017 
3294471082 1215947096 
147602027 405194953 13870942 
241086864 405194953 13870942 
2525149488 38422859 
961706424 1215947096 
2981786135 
197176188 431969214 
971761 431969214 
376510469 431969214 
322588960 431969214 
2740386331 431969214 
59835948 431969214 
1427336462 431969214 
14186393 431969214 
77816846 431969214 
3095548719 431969214 
1018174922 431969214 
244586213 431969214 
37451311 431969214 
76429518 431969214 
262500029 431969214 
72397581 431969214 
2648649574 431969214 
29846381 431969214 
22911209 431969214 
394245906 431969214 
396831702 431969214 39458583 940160473 
1238816431 3403323323 
1205194004 431969214 
23685037 3244921294 3244921294 
606598227 
629608381 
577337789 2598573363 
304562507 431969214 
1445912984 267448332 
384147284 431969214 
1109851152 1215947096 
1377939524 
2285634829 
2883619918 
506958753 
430096982 
262302919 2598573363 13870942 1292439571 3124507685 49257796 3124507685 262302919 48680856 
2458510246 577096192 914281548 
577096192 2458510246 577096192 
44334648 293025517 
211337962 293025517 
3195099002 293025517 
57057518 
324280623 293025517 13870942 
29337802 13870942 
561036687 13870942 
3368241053 13870942 
1664741276 293025517 
575774461 431969214 
542792728 431969214 
2508050305 293025517 
31563346 293025517 
48401114 
839402840 267448332 
262429512 267448332 
476071901 19080151 
15968617 19080151 
216834712 1292439571 
42755500 267448332 
373770825 3244921294 
781029062 3244921294 
107393078 
438589393 3244921294 
1957499384 3244921294 
3213448149 3244921294 
2965576128 3244921294 
1849461949 3244921294 
2249166907 
934476271 3244921294 
3131294615 293025517 
104966264 431969214 
140085646 431969214 
309957858 1292439571 1292439571 
274661254 431969214 
22440812 900611568 
3361998159 3244921294 
627156320 
83342589 627156320 
571246317 627156320 
31497718 627156320 
1000164918 627156320 
2464867113 2598573363 
363816170 
443910842 
1712009221 
3223308912 
3127499210 2999816543 
590180745 38422859 
2393234545 38422859 31694460 38808541 
2346020467 
1305754867 
707720803 403436252 
366224911 403436252 
21533462 
238763830 21533462 
29409786 21533462 
218264459 
1576513538 3108359848 3108359848 
21546203 38422859 
112614146 
2249387060 
111896955 2502329424 2893135260 2838670203 2893135260 
21940724 2893135260 
246104987 66018799 
1195574418 2893135260 
52474769 2893135260 
872429527 
420286167 
3092058549 38422859 58711646 
348661583 27045771 
238087852 
2892135005 38422859 
2300190673 
3208133517 
1172930430 
930776510 198945680 
186478529 
119058566 
247007716 1696908068 
240265305 
1640587670 
19855042 
18378334 
2196568974 
255666550 
592160066 
620565060 
778284438 240265305 
3065836541 94084686 
38341062 1292439571 
385674726 
14077975 
2218365024 340064107 
3004109303 
203068757 
1205761178 
2166493548 
124297037 124297037 366247224 
3360112245 124297037 
270610962 
3115666001 
388740647 3424644712 
2849260845 
2357076072 
15223619 
462037570 
1514240376 462037570 
66748464 
2411634828 
2755540223 
2422470674 2755540223 
2384823955 
17983686 124297037 
1583035398 124297037 
1403367444 124297037 
16190478 
386541602 16190478 
1008492163 16190478 
87603897 16190478 
3303149416 16190478 
836173657 
1682661110 
2918306769 
3260196248 
779904919 
3277303759 
2212772029 
49392233 
126312438 
83096263 
100842016 
43388807 
289882907 
144799762 2313836011 2313836011 
2149835559 
2925244313 2313836011 
31694460 122886494 131249283 
2395921495 
452681526 
3277238138 
507078507 
174996144 
3261912158 
499297261 
76114601 
565726567 124297037 
118613870 
2527815351 124297037 
1938733088 124297037 
1524300450 124297037 
2389229665 124297037 
526579281 124297037 
3161107329 124297037 
545146690 124297037 
1027275385 124297037 
109274506 
195109044 109274506 
419517909 124297037 
587634231 
2176802240 91099960 
739932529 2176802240 91099960 20453211 
2218176538 2176802240 91099960 
1187136625 435860035 
2399796902 435860035 
136079224 
3150919784 
1441189663 
2964963503 
254162840 
2378737538 
215112498 974783574 2400466927 131249283 
3044778149 
1530472884 3157936122 3157936122 
560242800 1530472884 3157936122 
282546055 1530472884 3157936122 303503398 
20453211 18438933 20453211 
18438933 20453211 
104360244 18438933 20453211 
29964420 18438933 20453211 
1697954779 20453211 
42719058 18438933 20453211 
355242420 20453211 
133810147 124297037 
572286880 18438933 20453211 
49257796 262302919 
528551397 
3417992973 528551397 
363270777 
1272454735 1292439571 
2359265826 
222635853 124297037 
280385318 2231905548 
30122242 1583035398 124297037 3331438299 
2541876851 1583035398 124297037 
3398808388 
497162873 1956233017 
243882040 1956233017 
175937573 1956233017 
21055261 1956233017 
341327946 1956233017 
1038235795 1956233017 
1104507710 1956233017 
374996407 1956233017 
365887967 1956233017 
251069755 1956233017 
1122126818 
23060198 1956233017 
898707906 1956233017 
16570847 1956233017 
2450621492 1956233017 
1590198108 1956233017 
1341381270 1956233017 
1247966018 3036618682 2882736641 
3036618682 1247966018 3036618682 2882736641 
2300558029 1956233017 
311340378 1956233017 
2400466927 1956233017 1956233017 974783574 
997810836 
172612269 
2230388154 103864992 
2748686820 2230388154 103864992 
3409777672 
626152233 38422859 
2942377752 1494835716 
720784502 1494835716 
23032307 
340064107 
2479573608 340064107 
99122052 2678355564 
220974484 340064107 
921978792 340064107 
2881002634 340064107 
2824379749 
1536920875 340064107 
61018639 340064107 
162107488 340064107 
17351088 
22971821 340064107 
2573317902 
2992624003 2573317902 
3112421878 
145410264 340064107 
27002612 
221842019 340064107 
2838256094 
2998676088 
148392992 340064107 
2993975016 2998676088 
246464087 1174827270 
313385516 1174827270 
320647611 340064107 
2408949314 
3436112872 1174827270 
2834429439 99122052 2678355564 
1308898956 1956233017 
3222647783 340064107 
977478433 340064107 
1061176904 340064107 
3433148488 
2773424737 
73291471 
2971422114 2200031437 
29171408 340064107 
168117676 2259026171 168117676 
3121765498 340064107 
146958450 340064107 
54267660 340064107 
396605502 340064107 
36193886 340064107 
3388089041 
3288069198 
356937667 340064107 
2266583083 340064107 340064107 
530004813 
531796194 
128902332 340064107 
105200868 2443877819 
2668208168 340064107 
3141573593 
106553635 66018799 
393403321 66018799 
3429922563 
458768756 
740614004 2199929872 
2199929872 740614004 2199929872 
463732269 62357503 
46740184 3398808388 
157399973 
2726154818 176276117 141834186 
231029041 176276117 141834186 
559556419 
709971222 
175470877 
3430055260 
3040474978 
2932191311 66018799 
2265031796 
284840167 
367538716 
354512623 367538716 
3120654185 
3011298896 
579962352 
2259191958 
17664604 284840167 
119367475 
384415726 
2797740998 
709953356 
401907828 384415726 
2395247173 
219769750 
977717779 219769750 
3174881373 1292439571 
3023630524 1292439571 
635059523 
1347733093 
3051009657 
256442158 340064107 
93410612 340064107 
30600321 579962352 
520542540 727472528 
39458583 940160473 
1118017532 39458583 940160473 
316991543 39458583 940160473 
1478100548 39458583 940160473 
940160473 39458583 940160473 
419665502 39458583 940160473 
1928290020 39458583 940160473 
2236560895 39458583 940160473 
23011146 39458583 940160473 
157776558 1292439571 
409646880 1292439571 
2393172853 1292439571 
2917644652 1292439571 
3320556786 1292439571 
3072399537 39458583 940160473 
3248716763 39458583 940160473 
25414749 39458583 940160473 
573927117 1292439571 
2450429919 1292439571 
322041648 39458583 940160473 
155332832 1292439571 
15661214 
2228540020 1292439571 
2802384855 1292439571 
3430883566 1292439571 
2279733733 1292439571 39458583 940160473 1292439571 69319223 
1173033602 39458583 940160473 
55348286 1287321284 55348286 
15700154 1292439571 
958392030 1292439571 
228939539 39458583 940160473 
450227667 39458583 940160473 
2692264936 39458583 940160473 
2886742095 1292439571 
88070557 1292439571 
2816714039 1292439571 
1424074681 1292439571 
2906297560 157399973 
410793457 1292439571 
1209613802 1292439571 
830353285 340064107 
3124507685 262302919 48680856 
3419867877 
81293985 
1440784603 384415726 
631742193 
3204690927 1292439571 
22822556 176276117 141834186 
3309385306 39458583 940160473 
425821417 39458583 940160473 
1944804115 39458583 940160473 
3381756016 
1488790201 39458583 940160473 
1147276890 
110169525 1292439571 
133507637 2200031437 
24639297 273648929 
1865005212 146958450 
15370931 146958450 
173064256 146958450 
157605748 
301437088 146958450 
2811478931 272558204 
755038513 39458583 940160473 
33446776 146958450 
1586535469 
616138397 
57016835 
41434031 146958450 
2525645395 
269137682 
3430543833 
889588436 340064107 
3402529270 2325389164 
212820561 
29990012 293025517 
1169846424 
2914427715 1169846424 
3374059366 
2982089170 1292439571 
246942925 
45496426 
2604171504 45496426 
2611406413 45496426 
2629694544 45496426 
2616161863 45496426 
2607020407 45496426 
2607026989 45496426 
2639566944 45496426 
2639557602 45496426 
2604191156 45496426 
2611410739 45496426 
2831562262 45496426 
2595395220 45496426 
2841996886 45496426 
2599275648 45496426 
2994668404 45496426 
2599310971 45496426 
2656195104 45496426 
2587456520 45496426 
2590952077 45496426 
2561828832 45496426 
2639549378 45496426 
2799517404 45496426 
2606009444 45496426 
2841960185 45496426 
2577474444 45496426 
2611394605 45496426 
2606994162 45496426 
2598144936 45496426 
2799518220 45496426 
2842123377 45496426 
2598531984 45496426 
2639569447 45496426 
2656233439 45496426 
2577504656 45496426 
2577491569 45496426 
2606013974 45496426 
2604180812 45496426 
2598143676 45496426 
2595395418 45496426 
2515921573 45496426 
2599290500 45496426 
2656192146 45496426 
2610406447 45496426 
2611396693 45496426 
2606002268 45496426 
2603062861 45496426 
2599270026 45496426 
2602263541 45496426 
2656206896 45496426 
2598143070 45496426 
2799599299 45496426 
2611403629 45496426 
2672862462 45496426 
2656207958 45496426 
2616144968 45496426 
2603051954 45496426 
2656222838 45496426 
2610380036 45496426 
2603047652 45496426 
2736655782 45496426 
2604165042 45496426 
2607015476 45496426 
2639604619 45496426 
2607018026 45496426 
2856399628 45496426 
2736680078 45496426 
2605996638 45496426 
2599308037 45496426 
2994670210 45496426 
2595436411 45496426 
2656190520 45496426 
2656228513 45496426 
2515746222 45496426 
2595398190 45496426 
2729493691 45496426 
2801536447 45496426 
2607006476 45496426 
2656213430 45496426 
2506805072 45496426 
2629659726 45496426 
2586064820 45496426 
2616170197 45496426 
2609034824 45496426 
2605998234 45496426 
2656240741 45496426 
2841996574 45496426 
2609035118 45496426 
2656207250 45496426 
2599281440 45496426 
2656188438 45496426 
2513675208 45496426 
2601187375 45496426 
2733903254 45496426 
2577500851 45496426 
2612230238 45496426 
2656217318 45496426 
2592696116 45496426 
2656226821 45496426 
2609059681 45496426 
2577469686 45496426 
2639555888 45496426 
2799528162 45496426 
81631687 
3433957804 45496426 
3433121211 45496426 
3433230586 45496426 
3433815837 45496426 
3432423737 45496426 
3434491738 45496426 
3433245935 45496426 
3433886146 45496426 
3433141785 45496426 
3433930192 45496426 
3433883201 45496426 
3433904644 45496426 
3433140513 45496426 
3463320221 45496426 
3433987468 45496426 
3433916975 45496426 
3433493428 45496426 
3433244476 45496426 
3433182989 45496426 
3433981372 45496426 
3433897895 45496426 
3433989952 45496426 
3433146813 45496426 
3463261281 45496426 
3433832127 45496426 
3463284207 45496426 
3463385308 45496426 
3433806153 45496426 
3434108009 45496426 
3463303755 45496426 
3433918246 45496426 
3433123287 45496426 
3433925152 45496426 
3433194143 45496426 
3433180229 45496426 
3433813485 45496426 
3433239430 45496426 
3433936030 45496426 
3433243954 45496426 
3433190033 45496426 
3463404916 45496426 
3433777023 45496426 
3463284735 45496426 
3433863425 45496426 
3463398196 45496426 
3433158501 45496426 
3433914317 45496426 
3433267030 45496426 
3433474401 45496426 
3463404202 45496426 
3433863795 45496426 
3433212155 45496426 
3433416411 45496426 
3463361783 45496426 
3433250224 45496426 
3434057033 45496426 
3433195667 45496426 
3433191911 45496426 
3433141815 45496426 
3433900461 45496426 
3433844157 45496426 
3433894413 45496426 
2230307970 
3433826271 45496426 
3433896424 45496426 
3433933072 45496426 
3433788267 45496426 
3433915060 45496426 
3433194983 45496426 
3433847837 45496426 
3433904086 45496426 
3433249900 45496426 
3433844229 45496426 
3433147335 45496426 
3433190327 45496426 
3433141395 45496426 
3463378643 45496426 
3433875599 45496426 
3463456282 45496426 
3433838861 45496426 
3433618971 45496426 
3433185617 45496426 
3463353315 45496426 
3433840923 45496426 
3343011028 45496426 
3433168133 45496426 
3463390702 45496426 
3433232896 45496426 
3463340475 45496426 
3433252444 45496426 
3433885781 45496426 
3433815045 45496426 
3433160717 45496426 
3433178279 45496426 
3463455196 45496426 
3463337781 45496426 
3432608237 45496426 
3322634242 45496426 
3433195913 45496426 
3320363561 45496426 
3434098546 45496426 
3433856429 45496426 
3463454776 45496426 
3463331055 45496426 
3434086990 45496426 
3433927012 45496426 
3433555241 45496426 
3433965274 45496426 
3338045019 45496426 
3463457422 45496426 
3433879678 45496426 
3433850291 45496426 
3323702481 45496426 
3463336581 45496426 
3343616057 45496426 
3463410809 45496426 
3433891283 45496426 
3343106901 45496426 
3433829645 45496426 
3433923431 45496426 
3463456643 45496426 
3326165410 45496426 
3343420173 45496426 
3433937992 45496426 
3433227418 45496426 
3338238549 45496426 
85959025 
3326574461 45496426 
3433857033 45496426 
3433912067 45496426 
3433149927 45496426 
3463523482 45496426 
3433878947 45496426 
3463400536 45496426 
3322204253 45496426 
3377565629 45496426 
3463365267 45496426 
3325985325 45496426 
3340915977 45496426 
3433229584 45496426 
3433237978 45496426 
3433165625 45496426 
3344194299 45496426 
3433243348 45496426 
3463398975 45496426 
3463451537 45496426 
3433126707 45496426 
3342036045 45496426 
3463476857 45496426 
3343104604 45496426 
3333808335 45496426 
3463527496 45496426 
3433229872 45496426 
3340345006 45496426 
3433183589 45496426 
3463460543 45496426 
3354366047 45496426 
3434506535 45496426 
3433912709 45496426 
3325026215 45496426 
3433979824 45496426 
3433953155 45496426 
3433804299 45496426 
3356380515 45496426 
3342964007 45496426 
3322134826 45496426 
3336600657 45496426 
3337464701 45496426 
3356076568 45496426 
3463405581 45496426 
3320418563 45496426 
3331410646 45496426 
3434165596 45496426 
3325554891 45496426 
3463408161 45496426 
3329118521 45496426 
3346328115 45496426 
3463330757 45496426 
3434109653 45496426 
3347911563 45496426 
3433859307 45496426 
3433960882 45496426 
3463491329 45496426 
3433897636 45496426 
3433841297 45496426 
3433840353 45496426 
3341996091 45496426 
3433824837 45496426 
3433884575 45496426 
3350754226 45496426 
3463511903 45496426 
3463503803 45496426 
3348255839 45496426 
3340969325 45496426 
3433826469 45496426 
3463489217 45496426 
3333951886 45496426 
3433125159 45496426 
3433238404 45496426 
3434301327 45496426 
3433879264 45496426 
3331541285 45496426 
3327085552 45496426 
3433794423 45496426 
3433783767 45496426 
3463551796 45496426 
3363990495 45496426 
3433800885 45496426 
3325168277 45496426 
3433956923 45496426 
3433967296 45496426 
3463541428 45496426 
3340266509 45496426 
3463445957 45496426 
3333228939 45496426 
3433201833 45496426 
3463515977 45496426 
3321098151 45496426 
3326269575 45496426 
3463495223 45496426 
3433227712 45496426 
3433885054 45496426 
3329581481 45496426 
3343724181 45496426 
3433865619 45496426 
3433799025 45496426 
3433884257 45496426 
3433945678 45496426 
3352768493 45496426 
3340116639 45496426 
3348575357 45496426 
3433960270 45496426 
3336378046 45496426 
3433925501 45496426 
3463592476 45496426 
3433228114 45496426 
3433841463 45496426 
3356135043 45496426 
3321462213 45496426 
3354402022 45496426 
3247011768 45496426 
3326135003 45496426 
3313560245 45496426 
3433901165 45496426 
3463524689 45496426 
3341193730 45496426 
3433146411 45496426 
3433944095 45496426 
3433140891 45496426 
3433949781 45496426 
3433148823 45496426 
3338339680 45496426 
3434058136 45496426 
3434051356 45496426 
3463417881 45496426 
3433984133 45496426 
3433135041 45496426 
3432543274 45496426 
3434014174 45496426 
3319084383 45496426 
3348064835 45496426 
3433954107 45496426 
3432560307 45496426 
3463521856 45496426 
3325683801 45496426 
3463559117 45496426 
3432522646 45496426 
3434040117 45496426 
3433853597 45496426 
3433198835 45496426 
3463582876 45496426 
3433168847 45496426 
3434510692 45496426 
3433999757 45496426 
3433997849 45496426 
3434003105 45496426 
3433130709 45496426 
3433178927 45496426 
3434063068 45496426 
3463540348 45496426 
3433653767 45496426 
3433292512 45496426 
3433991951 45496426 
3463518508 45496426 
3463626976 45496426 
3433826139 45496426 
3434319321 45496426 
3434053822 45496426 
3433791243 45496426 
3433934361 45496426 
3433197083 45496426 
3313553969 45496426 
3433225198 45496426 
3433127883 45496426 
3433252678 45496426 
3433253992 45496426 
3433974935 45496426 
3434000897 45496426 
3434061279 45496426 
3433223164 45496426 
3433936551 45496426 
3433952289 45496426 
3434053912 45496426 
3433176335 45496426 
3434048500 45496426 
3433178981 45496426 
3313512177 45496426 
3433958049 45496426 
3434007455 45496426 
3433942185 45496426 
3434009159 45496426 
3434627561 45496426 
3433195967 45496426 
3433960251 45496426 
3434388154 45496426 
3433957810 45496426 
3463605323 45496426 
3433902485 45496426 
3463584017 45496426 
3463557015 45496426 
3433906565 45496426 
3463554975 45496426 
3433935873 45496426 
3433772973 45496426 
3433916571 45496426 
3433960647 45496426 
3433940757 45496426 
3433990451 45496426 
3434040238 45496426 
3434001365 45496426 
3433959898 45496426 
3463408521 45496426 
3463473987 45496426 
3430171264 45496426 
3433190393 45496426 
3433143441 45496426 
3363460900 45496426 
3434028256 45496426 
3433961248 45496426 45496426 
3434041750 45496426 
3433895615 45496426 
3463577237 45496426 
3433900655 45496426 
3433254070 45496426 
3463525221 45496426 
3433241572 45496426 
3433916260 45496426 
3433204637 45496426 
3432588695 45496426 
3434057458 45496426 
3433868531 45496426 
3433830821 45496426 
3432538270 45496426 
3433240049 45496426 
3433156587 45496426 
3433867401 45496426 
3434052268 45496426 
3433914100 45496426 
3463412235 45496426 
3433863255 45496426 
3434051302 45496426 
3433205501 45496426 
3433951906 45496426 
3436245039 45496426 
3433258348 45496426 
3436341417 45496426 
3434444745 45496426 
3436487063 45496426 
3433808013 45496426 
3437171956 45496426 
3463520715 45496426 
3433946860 45496426 
3433202861 45496426 
3463563147 45496426 
3436341783 45496426 
3436146370 45496426 
3433865565 45496426 
3433974040 45496426 
3433863393 45496426 
3436446759 45496426 
3436734461 45496426 
3433121445 45496426 
3436571163 45496426 
3433909258 45496426 
3433990943 45496426 
3434036680 45496426 
3434809791 45496426 
3433224118 45496426 
3433203197 45496426 
3433842249 45496426 
3434485355 45496426 
3433785039 45496426 
3313548923 45496426 
3433844969 45496426 
3438160893 45496426 
3463596556 45496426 
3437971695 45496426 
3433862735 45496426 
3435554703 45496426 
3436113455 45496426 
3433953664 45496426 
3412547836 45496426 
3438211949 45496426 
3437769489 45496426 
3438290457 45496426 
3438094715 45496426 
3463680088 45496426 
3434006627 45496426 
3437765529 45496426 
3313600396 45496426 
3433173035 45496426 
3364579185 45496426 
3439451907 45496426 
3433978612 45496426 
3433913021 45496426 
3463473873 45496426 
3434515186 45496426 
3463697296 45496426 
3433860645 45496426 
3463537889 45496426 
3433120923 45496426 
3439221369 45496426 
3433846953 45496426 
3433939486 45496426 
3433926917 45496426 
3433885330 45496426 
3433913477 45496426 
3433966060 45496426 
3433914719 45496426 
3441486263 45496426 
3437824936 45496426 
3463616957 45496426 
3433131651 45496426 
3443010323 45496426 
3463569741 45496426 
3439472199 45496426 
3442769535 45496426 
3439420342 45496426 
3433130277 45496426 
3444193276 45496426 
3463645096 45496426 
3313551011 45496426 
3433878201 45496426 
3448186036 45496426 
3433930180 45496426 
3448260201 45496426 
3449918241 45496426 
3433823313 45496426 
3448684767 45496426 
3449728641 45496426 
3445903066 45496426 
3446234957 45496426 
3463595775 45496426 
3433810263 45496426 
3313603750 45496426 
3463540395 45496426 
3433865823 45496426 
3463578861 45496426 
3439306389 45496426 
3433878249 45496426 
3463650736 45496426 
3448947149 45496426 
3452487737 45496426 
14562259 
257976104 17537467 3051725225 
40537070 1035161599 
2981935404 
141834186 
797743976 141834186 
31291893 141834186 
195248527 141834186 
1533143322 17537467 
23842598 141834186 
2942042818 91099960 
55949344 
2673763098 3108359848 961423567 2896380156 3108359848 2673763098 2896380156 961423567 
15841958 
185579226 
439528396 168117676 
561608826 
853758854 3389630140 
3109627875 
3094434679 
51016583 
601463751 
1562645654 
2904636286 
2831442335 384415726 
1488682604 
279179884 1292439571 
3015895489 
302026413 
150071880 
600074019 
2734165878 273648929 
2459670936 
2324097953 
3291197558 2324097953 
252242546 2481896449 48534642 
3406007626 
3381994721 
3351671999 1449004548 
2427827623 2313836011 2615725926 
445842508 1292439571 
345532448 1292439571 
3302455838 101846891 2313836011 101846891 2313836011 
2615725926 2313836011 
2427544037 
362142581 403436252 
3114270604 
581402775 141834186 
2705106422 
2654331274 
2970648744 255951248 
255951248 2970648744 255951248 
413597188 
2424248713 
3341268328 
172258741 
394839542 1956233017 
595926407 2443877819 
3026160093 2443877819 
2466650316 303503398 
2997852675 2159335132 
39076373 2159335132 
2741902524 2159335132 
2925655090 2159335132 
3371178207 2159335132 
1546662494 2159335132 
2377159461 2159335132 
915888678 2443877819 
242663729 
2778353969 2443877819 
2916882951 
3388180649 242663729 
190058362 
975853472 
2886818495 
1234443582 
245087199 2443877819 
135155476 
2736343046 1091354204 1091354204 2785887928 
918972458 1091354204 
1616820708 
197828234 
48141381 2736343046 1091354204 
201015826 
317126266 
2790104249 
3471685156 3424005065 351269091 3424005065 3471685156 
3424005065 3471685156 3424005065 117767974 
2172209643 2838670203 383820312 
625474278 
2448425761 
3147395373 
91872752 
159003619 145163404 
2336540227 
60296618 
94408261 60296618 60296618 
1635183072 
360228775 
199445103 
203154890 
3325380599 2736343046 
2801992869 5988062 
2268122796 
14203426 60296618 
52182451 60296618 
59916705 
68093 
272953754 1174827270 
2466386563 1174827270 
2371261604 
2731517772 
324921240 2313836011 
3080934114 22728614 
1075778510 131249283 
91894374 
315794586 
313945406 2313836011 
737294036 315794586 
2755751021 315794586 
109014242 315794586 13870942 293025517 
2884603973 315794586 
1633256479 315794586 
1050521179 
11043822 
374689164 
62707009 
2618654834 
926062267 19080151 
3070537481 
1357342237 19080151 
366247224 
2563221259 
1969609152 3004109303 
273573745 
30205164 
739148886 1174827270 
2440114805 
2892274637 
2979773758 2298839480 30122242 2458510246 
2298839480 2979773758 2298839480 30122242 
2173412489 
1460366041 
2805728862 
2769922236 366247224 
22984882 366247224 
1672726728 366247224 
2474085834 
223263548 366247224 
2522112088 21474769 
399707537 366247224 
2233488978 19080151 
389919115 2220376029 
1343024035 
3449376143 
1691265613 
50598105 1696908068 708479918 1696908068 
284017359 
23201196 
3360099802 
103864992 48534642 
636318646 48534642 
3170670230 48534642 
1659233256 48534642 
460731718 2838670203 460731718 
2850251396 48534642 
3009272450 48534642 
497818102 187528119 
2211573742 
718534362 
435260935 48534642 
2165791060 48534642 
2690372059 
2540580547 
55260264 293025517 281411022 
1938871628 293025517 281411022 293025517 281411022 
755184175 48534642 
34568001 
2353360606 2540580547 
294613911 293025517 281411022 
373438913 
38692090 373438913 373438913 
1951851307 
266624941 373438913 
297696808 373438913 
187136543 373438913 
1430951624 293025517 281411022 
2189287577 373438913 373438913 
58711646 373438913 373438913 
996184550 373438913 373438913 
232995454 373438913 
49422348 373438913 
2497181456 373438913 
150364429 373438913 373438913 
1525405154 373438913 
2876245125 
2266235462 373438913 58711646 58711646 
241182025 373438913 
249430123 373438913 
52763281 376206547 
319901569 373438913 
61966367 
400946749 2427544037 
2592817392 
2530309800 2540580547 
2594860710 
253863173 373438913 
1213709228 48534642 
3303197800 2876245125 
2322817453 373438913 
2364616098 2876245125 
356329385 373438913 
788450244 373438913 
335978117 373438913 
2781034665 373438913 
3104824156 373438913 
45028559 2785887928 
1473152466 555786188 
169274239 373438913 
925048668 373438913 
1300495392 373438913 
47934953 373438913 
402577911 373438913 
282220110 373438913 
291321907 373438913 
248169883 373438913 
1728380701 373438913 
268395447 373438913 
2522486630 373438913 
67230948 373438913 
3304878051 
516910473 373438913 
827623652 
587672411 373438913 
558058574 373438913 
3313007847 2924844877 
20994010 373438913 
250668570 373438913 
145568110 373438913 
98841396 975853472 
1421351 94489129 
708479918 50598105 1696908068 
6774982 
2535648152 3313007847 2924844877 
214914890 
50107325 214914890 
224657541 214914890 
1545689414 214914890 
1341530864 214914890 
468697897 214914890 
896927635 214914890 
1549066418 214914890 
2613099817 214914890 
549186500 214914890 
202123986 214914890 
94489129 1421351 
539762027 214914890 
2269391174 1162651273 
2603889660 1162651273 
1355242663 1162651273 
875561396 1162651273 1162651273 
3350956385 1162651273 1162651273 
105925293 1162651273 1162651273 1162651273 
187528119 
218166562 
3242266811 58711646 
323150398 373438913 
111247911 
1957372652 
1206507968 
248133614 373438913 
364213185 2876245125 
1382087582 1050521179 
515597494 
344053475 
328665666 373438913 
953950118 293025517 281411022 
901697268 373438913 
236158627 
1529019817 
112186577 45496426 
3062631429 3429922563 
3301130966 
2654356639 47534393 
489507602 47534393 
82881241 
533670368 373438913 
68995621 
3252798429 373438913 
348227971 
108402602 
3374716149 
3032364329 
239953966 48534642 
3347340443 2540580547 
204072062 373438913 
41383236 373438913 
252899711 373438913 
2184271792 373438913 
422600606 
16624525 373438913 
2699496506 
1314336074 
452509963 
323362546 
180861659 
67987292 
468940017 91619155 
1849337911 2699496506 
3051725225 2699496506 
3234015038 2699496506 3051725225 
247219290 2699496506 
377619841 
206962580 119199702 206962580 
49544293 
3089815810 2699496506 
536980961 
1498326793 536980961 
74580549 
22634280 
151391787 
337401628 
47093419 337401628 
259744988 337401628 337401628 
1243878836 337401628 
3242485629 48534642 
492034711 
778802886 492034711 
185340055 492034711 
87136959 492034711 314548237 
232195165 492034711 
17296202 492034711 
743901649 492034711 
53630426 492034711 
45136974 373438913 
250592291 492034711 
1270063976 492034711 
273762321 492034711 
64067171 
46351231 492034711 314548237 
1114391558 492034711 
508788780 492034711 
455724651 492034711 
265427149 492034711 
207681710 492034711 
152687079 492034711 
896146903 1533143322 
65408551 492034711 
403652763 492034711 
189116097 492034711 
116305625 492034711 
115777637 492034711 
315960490 
218586713 373438913 
192233282 64067171 
1345192189 
942236784 422164503 
422164503 942236784 422164503 
20681749 64067171 
131249283 
18602421 
2498075569 131249283 
232972471 18602421 
324809116 131249283 
2882736641 131249283 
1646771184 
308405974 131249283 
3320903492 1646771184 
85386747 492034711 
844298942 492034711 
2845917181 131249283 
2363887313 492034711 
3153097690 492034711 
48417340 131249283 
2284010994 492034711 
948697872 
944264634 131249283 
2325339908 131249283 
22348588 636318646 
105911241 
67290915 
169943413 
3312938655 
204043844 105911241 
798174793 373438913 
525726943 131249283 
559921999 
211185400 
55440384 131249283 
184676117 499696436 
391164398 131249283 
401675584 131249283 
525701322 
19956198 131249283 
3296797169 
1662944101 
1485192062 
215210215 131249283 
27061458 131249283 
914281548 
2390687538 58711646 
355769310 58711646 
351269091 3424005065 3471685156 
2460621937 
227090683 58711646 
1503446203 492034711 
3350304267 58711646 
109318233 
3256131630 351269091 
273947615 
393390302 273947615 
478696297 58711646 
21263260 
498154944 21263260 
279219321 21263260 
346137874 58711646 
3259053701 
140956536 
66003 
528257946 373438913 
69874979 
2543684064 
279531008 852483272 
3138432499 
2375882414 58711646 
140158830 
65336694 
255095215 
2911181999 
978516229 
53039423 
3037134177 
416283865 
85673918 
907258501 
174046229 907258501 
20228338 
2793020689 20228338 
2596684795 492034711 
16133114 
314548237 
2633755439 314548237 
1083749497 314548237 
2535446095 314548237 
1202259331 314548237 
824831718 314548237 
384004987 314548237 
229670513 337401628 
3025115051 337401628 
248157364 337401628 
53874207 337401628 
626682905 337401628 
1063209781 337401628 
2964984533 337401628 
39219295 337401628 
1209611652 337401628 
880165526 
3341753009 337401628 
538565199 337401628 
2765580615 337401628 
3331438299 
1848929868 3331438299 
2991758393 3331438299 
1307793211 3331438299 
310643025 131249283 
2312494016 131249283 
2493234720 314548237 
233589731 131249283 
120782519 120782519 120782519 
1897802365 58711646 
170438644 
28516198 373438913 
2157052408 3331438299 
78433 
261742562 58711646 
156121907 
33978796 3331438299 
17675013 
15210800 
3152781182 3331438299 
129611853 373438913 
293745809 58711646 
28534205 58711646 
17695105 
437988272 1898083759 
297063528 
17537467 
1533193076 17537467 
54669026 131249283 
2349823937 17537467 
327715898 131249283 
1252826672 315794586 
1356710378 17537467 
2592216865 17537467 
164620886 17537467 
87170898 17537467 
230555292 340064107 
3399719474 
17679507 
3381659979 
229075853 58711646 
17688757 58711646 
366030627 17537467 
96807878 17537467 
2939887733 58711646 373438913 
1022927334 17537467 
49110594 17537467 
1524346178 58711646 
1664939335 
3059507543 
1876774915 
1135175040 3331438299 
101154794 
571874816 17537467 
2359028480 
249746283 373438913 
358332711 
1392662262 358332711 
292219604 358332711 
771104196 358332711 
251502287 358332711 
234020146 
2472131291 234020146 
55142273 234020146 
631039577 
2466080558 58711646 
590232437 17537467 
136154248 
297838876 
3429405196 58711646 
17101183 
14883354 914281548 
2713990644 914281548 
244661614 
53464284 914281548 
41550422 
2498176631 914281548 
2361492889 17537467 
837269790 244661614 
2863450394 1530472884 559816836 27839828 
313397106 914281548 
342864030 3374676081 
252667299 373438913 
218804015 
110692399 
774127554 110692399 
2720514961 110692399 
15824279 110692399 
8863322 110692399 
316376052 110692399 
1334957893 110692399 
403430248 110692399 
17801749 268929222 
268929222 17801749 268929222 
596857538 17801749 268929222 
3399459711 17801749 268929222 
1586329478 17801749 268929222 
2463969932 17801749 268929222 
1275106027 17801749 268929222 
2969375357 17801749 268929222 
76978453 299416026 
391598269 110692399 
2332638064 17537467 
1587288001 17537467 
1294711250 
1101881678 17537467 
484817282 17801749 268929222 
2975434728 17537467 
2890715872 240265305 
322817494 
559816836 2863450394 1530472884 559816836 27839828 
26183143 
702768829 774127554 
84045279 110692399 
91037912 
16263770 
279180936 45028559 
2741224692 17537467 
88799262 17801749 268929222 
405074847 17801749 268929222 
424418661 
3287189658 17537467 
20516387 373438913 
1400697205 17801749 268929222 
597621688 
261554992 58711646 
3534365548 2876245125 
2445287439 1297207694 
335008308 
2274722621 
85560804 
106197499 
393271504 106197499 
1200842257 310643025 455724651 
2606735004 
1397905112 106197499 
1630630458 17537467 
542596869 266084123 
392459453 542596869 266084123 
3338821211 373438913 
2229336564 
272148688 
3236130899 
2269515690 
149611752 
287614675 3244921294 
1263002017 3244921294 
2957862936 3244921294 
2218418312 3244921294 
3401173745 373438913 
2381689088 
404915862 
2250489164 314548237 
2800421239 314548237 
452098509 314548237 
3447670216 
2596665180 314548237 
3156794327 314548237 
43116250 
3307088230 314548237 
57684429 314548237 
136994174 314548237 
77776648 314548237 
1126292312 314548237 
1256824939 314548237 
140884053 314548237 
277125802 314548237 
441036257 314548237 
239514976 314548237 
30351711 314548237 
173009673 314548237 
2765723010 314548237 
348339045 314548237 
972524191 314548237 
3357211900 314548237 
346558009 314548237 
444712356 314548237 
74483458 314548237 
2370630903 314548237 
1251826915 314548237 
96791449 373438913 
568452724 
337285986 
1345315808 
303072146 314548237 
2380593748 314548237 
2785187253 314548237 
1533339648 314548237 
27026346 
984212630 373438913 
252721561 
2224893798 
274892892 
3043767004 
3405663447 
26311860 
1356992605 
851512388 1356992605 
471478936 1356992605 
942424706 
118736440 
2175345840 
3301205746 1356992605 
984558516 
2515623517 
647773 
14924757 647773 
1678940930 
254597335 1292439571 
2792879202 1292439571 
2908537559 1292439571 
270522584 
2192024599 1292439571 
2753131328 36792190 75255479 
248352630 213991030 
1126017198 213991030 
303068121 1292439571 
2252106505 213991030 
1027010347 213991030 
780691290 314548237 
2882360859 314548237 
3318603312 
1479230509 3381994721 
859847515 213991030 
127539064 1292439571 
499696436 3305576523 499696436 
92713894 499696436 
3305576523 499696436 
2595865716 3305576523 499696436 
36792190 2753131328 36792190 75255479 
3082159592 2753131328 36792190 75255479 
2228216426 373438913 
