428873967 0
1118772822 1
343657212 2
809840586 3
3108359848 4
1475788920 5
32353291 6
17176135 7
94878964 8
996952393 9
1595329788 10
373703345 11
2792756327 12
49888175 13
352531091 14
38692740 15
3096547548 16
2233876207 17
2476813614 18
243447325 19
293069680 20
1848896942 21
439852400 22
2922286410 23
201185778 24
161048246 25
3340607469 26
3132138280 27
627115965 28
2752118724 29
28277980 30
2200031437 31
2857904085 32
255826721 33
1318305619 34
381806169 35
1372781810 36
1978808738 37
16478356 38
2960233383 39
32358296 40
153296773 41
46722182 42
2203558670 43
3313009725 44
401710943 45
84351139 46
3042923567 47
2507218357 48
1427588450 49
118415737 50
3201543315 51
581222550 52
246380006 53
230252068 54
3081574446 55
2180319366 56
892883335 57
223851518 58
1239688873 59
2990089390 60
3085716154 61
3138740529 62
3107374191 63
66018799 64
2817699277 65
501703032 66
280668353 67
603436559 68
37894015 69
3346642625 70
728180250 71
2987516222 72
550402521 73
2527017372 74
2419541171 75
498316263 76
381139020 77
3374676081 78
348366263 79
719478714 80
3033320629 81
835769130 82
18614397 83
76606750 84
265376386 85
986041237 86
2464692240 87
2813105522 88
3187200021 89
2924844877 90
473314021 91
517477928 92
2719268039 93
2517308926 94
1620994400 95
711042272 96
28037002 97
2391468612 98
3268089337 99
2286673616 100
69319223 101
425580734 102
1547943294 103
2741277111 104
2748409849 105
711481112 106
2358557177 107
3074469756 108
344839662 109
224274599 110
1292439571 111
2826531256 112
2789686678 113
2721640627 114
290699059 115
142009064 116
2166887689 117
2796629637 118
1861394118 119
1024767506 120
1281641046 121
49609911 122
206372555 123
3003118451 124
2781642544 125
3309392032 126
2741722721 127
189473615 128
32375625 129
2974464617 130
15407462 131
17047727 132
145402577 133
2714493966 134
293580185 135
2525820541 136
487466464 137
2507010778 138
2824903049 139
1474839798 140
16611267 141
2892677247 142
1133171965 143
3324659692 144
1527449473 145
1190444628 146
397381043 147
2463325871 148
2822361484 149
2310829413 150
55931558 151
379076185 152
465907167 153
2683461896 154
980391222 155
3391579539 156
1134302798 157
2811560211 158
230320041 159
559867151 160
50797952 161
173876594 162
19024010 163
2984077096 164
1696665516 165
16476319 166
1056099690 167
379977671 168
168801032 169
2728977242 170
2814505324 171
2501952158 172
284681921 173
409210532 174
371287087 175
1487782165 176
243241355 177
19730399 178
431485095 179
2165084852 180
493899902 181
2414809730 182
496123353 183
22819351 184
1364140232 185
3191702208 186
2733572406 187
488233405 188
1506556543 189
2199504652 190
1345324790 191
2159335132 192
405627156 193
2835551475 194
1524048494 195
268528916 196
548819111 197
2209486785 198
76983009 199
2869390306 200
2320028062 201
1931991457 202
1371613734 203
2696904101 204
3344701180 205
93118049 206
262380992 207
76372631 208
579109548 209
350323437 210
1107301344 211
1590705966 212
99143301 213
1345314516 214
1038078139 215
78787098 216
725911248 217
324532113 218
3250555238 219
3117932699 220
582689895 221
3228559888 222
838063898 223
1966887834 224
3149308474 225
2792113275 226
1527258450 227
441161607 228
2458403955 229
36252486 230
1370594222 231
78436225 232
2802279751 233
630679523 234
121588342 235
460142114 236
417941587 237
2358591559 238
1487244842 239
18096102 240
54661214 241
1429905642 242
606421334 243
3208563459 244
2163360516 245
145934621 246
232550149 247
1606555507 248
102659450 249
1728451099 250
701808332 251
169434390 252
282778473 253
590498827 254
1462688760 255
272603571 256
251837827 257
2844420651 258
789602521 259
444978762 260
67260064 261
16596145 262
282102800 263
337298642 264
302128471 265
31893674 266
2827462927 267
326309590 268
13304722 269
280464581 270
2456146909 271
3318129994 272
3312659711 273
2563696885 274
2489936225 275
343255969 276
2391585170 277
240017260 278
2226931454 279
1470502400 280
389646057 281
251137728 282
186243186 283
995530746 284
65690709 285
399636663 286
270928496 287
2260174419 288
529821246 289
2558426229 290
322629315 291
2819479209 292
2711290701 293
20141257 294
452283175 295
922711819 296
36322255 297
199584528 298
170603138 299
1272986844 300
3299703008 301
521310404 302
2721321250 303
1675546964 304
2846666115 305
1737797580 306
526437281 307
2997426931 308
2580649082 309
7854652 310
789264805 311
392170973 312
1216380283 313
2734234348 314
194575756 315
2742194606 316
50645038 317
2348226096 318
424276798 319
300932489 320
2451897078 321
1007319576 322
2987499495 323
65983096 324
300886897 325
2346988788 326
16092768 327
3317305527 328
550663658 329
1658056328 330
371360933 331
399416141 332
2820315053 333
3371113450 334
498911752 335
2999816543 336
446491261 337
1635157651 338
2395060010 339
240800478 340
302270568 341
1305459198 342
3347214304 343
3314882981 344
374793754 345
70155617 346
1693435669 347
493207447 348
851395297 349
919558255 350
875207593 351
403436252 352
513497583 353
3391026544 354
3264759185 355
3014887084 356
603459434 357
2829354133 358
461548383 359
1669932314 360
175562375 361
2800740563 362
120018615 363
38808541 364
968851322 365
206644618 366
450116974 367
482902868 368
3115790063 369
2448762846 370
1675930123 371
2206038469 372
733079048 373
29036342 374
2974192240 375
1185436171 376
2273955565 377
3329987291 378
3197506096 379
382223500 380
1231820270 381
2591262475 382
528981634 383
2205314563 384
2333736177 385
582005230 386
35545423 387
2546584819 388
2182044153 389
257442762 390
299416026 391
1873124683 392
961485776 393
2996165561 394
22175519 395
908305256 396
149134024 397
2567523902 398
2561564432 399
2937635744 400
1149567217 401
2177956740 402
1477141884 403
3260718259 404
1482177680 405
2882418111 406
2325389164 407
974783574 408
3190229619 409
342910342 410
182366037 411
15880647 412
3022023687 413
3297633246 414
1714291674 415
61881765 416
3340858259 417
291715550 418
953186984 419
2406645356 420
264654930 421
2929392279 422
49660555 423
10540702 424
3208745518 425
104069830 426
15333188 427
275210802 428
567593725 429
18983869 430
171494244 431
8306492 432
491871850 433
2853505392 434
3327950403 435
615553614 436
2863166450 437
594970175 438
402269594 439
152281488 440
3346524075 441
3177963891 442
2348216371 443
55731042 444
633602468 445
1061696234 446
358250869 447
633112201 448
19973605 449
1743305772 450
2259026171 451
214667267 452
2696473087 453
3396124991 454
363772880 455
1217931109 456
2826765403 457
293986884 458
2438241031 459
794645850 460
2948609673 461
264265349 462
484122940 463
475704393 464
271862580 465
890674015 466
2317221572 467
484514913 468
387779506 469
383906888 470
2949539223 471
2362884030 472
220285903 473
3058363025 474
2312659651 475
538481859 476
50585550 477
2731741417 478
1250323009 479
303630331 480
3249105179 481
264981280 482
372554569 483
20878297 484
2348254567 485
2148988430 486
319594713 487
543555677 488
408114808 489
2664915709 490
198152252 491
1315370654 492
2411218802 493
274662393 494
43673147 495
3189372691 496
2585675857 497
218733247 498
306606134 499
733429818 500
48304732 501
12896172 502
79649711 503
863789336 504
16141831 505
17199745 506
398236600 507
1604484884 508
602519741 509
296451699 510
540570424 511
1549597706 512
3399022175 513
364781578 514
20349023 515
2810455925 516
117412559 517
2234653442 518
123428914 519
3345615267 520
1496652680 521
2936121278 522
1612281684 523
2931694793 524
2833337833 525
47356290 526
49491544 527
2786112550 528
1571397931 529
243446474 530
2813616447 531
171546043 532
1066690128 533
2853832755 534
366134197 535
2598573363 536
2260515452 537
415773028 538
23067975 539
2602176076 540
14615761 541
28259785 542
18182794 543
3312933899 544
3209492230 545
2841747305 546
494232319 547
385041928 548
272380597 549
2336129015 550
1008754862 551
51579551 552
1012874467 553
1483003351 554
299512363 555
1258435686 556
3174472942 557
504832296 558
1061709823 559
2310502494 560
21094441 561
324344329 562
352452399 563
3013428472 564
197892890 565
2777537827 566
381900381 567
2440150836 568
1884262512 569
75255479 570
2347047007 571
2528553697 572
266189528 573
3017140172 574
3284731075 575
1297207694 576
3138625067 577
407316706 578
51003218 579
338373471 580
420392199 581
3391814979 582
108446454 583
2733138920 584
3127589084 585
2525601571 586
534929951 587
2463289706 588
919342621 589
2724535142 590
2653465981 591
2299916972 592
74684972 593
2270666630 594
2930698503 595
334967745 596
584508110 597
1658523253 598
1961909083 599
190452950 600
312039297 601
490932433 602
27984885 603
18924074 604
1602224485 605
100079835 606
766462243 607
1332721620 608
2843907119 609
369028288 610
539721796 611
201024231 612
2896380156 613
243394186 614
239359472 615
162903679 616
2967617620 617
211290906 618
1187525966 619
2475634532 620
2355818905 621
2753812033 622
367392037 623
232407803 624
3393397395 625
15696583 626
24842995 627
2299419456 628
2966188357 629
495810407 630
3088968472 631
36666554 632
2236592053 633
1035161599 634
14288037 635
6754922 636
3301039500 637
52062406 638
243133079 639
425171276 640
2645721756 641
27839828 642
575354882 643
2373530191 644
2844681478 645
727472528 646
874662385 647
2356811455 648
133677123 649
347976255 650
1571271686 651
243844011 652
20084570 653
567267136 654
419802461 655
15063486 656
344823602 657
1475858893 658
3158014711 659
3249463450 660
69377338 661
259796910 662
2195266310 663
2247762848 664
594886554 665
541279160 666
3288348368 667
1063076700 668
2941763258 669
524933041 670
127693283 671
717243036 672
248248441 673
2505469722 674
2815343736 675
152089665 676
379576731 677
69521125 678
318358387 679
40298682 680
2878411998 681
1137269324 682
376203685 683
871599601 684
2198275352 685
3358979746 686
1245496290 687
2221772324 688
33350532 689
1293774062 690
2866365452 691
3256351207 692
47851885 693
1032172358 694
1551515450 695
2323866069 696
2576733420 697
221355278 698
556119772 699
1426762752 700
58784259 701
626255221 702
71278773 703
1532379338 704
3389065270 705
3390270561 706
521142615 707
710040170 708
72391395 709
602499265 710
3101040483 711
3362609405 712
2901898545 713
3099264856 714
500984400 715
3058323502 716
2770567714 717
1038301598 718
852483272 719
552779620 720
2449453352 721
2838670203 722
35813556 723
19080151 724
581663387 725
278359239 726
317377922 727
2181807818 728
2987105895 729
1110192643 730
270134005 731
3026917023 732
600221390 733
29198219 734
527241673 735
2346847447 736
1075234903 737
637181328 738
3279979368 739
2196985237 740
223604018 741
1696908068 742
300202031 743
94183009 744
160984682 745
1672386103 746
2469892585 747
399607231 748
281186548 749
2896295871 750
536676261 751
54096689 752
2157054487 753
3182497435 754
24614615 755
268930317 756
3209945157 757
59219538 758
50976159 759
270535444 760
117767974 761
20855420 762
375936112 763
2830526400 764
276944655 765
2261726353 766
91543826 767
3145240092 768
586724399 769
2366960854 770
379400403 771
204099617 772
2832465059 773
454252311 774
216148158 775
3086286384 776
1355351060 777
345343418 778
255515762 779
87225336 780
146741647 781
49498257 782
1523262565 783
3030878006 784
152762478 785
1355356820 786
47804581 787
25034874 788
3205672215 789
49622659 790
351489686 791
395871323 792
221445245 793
217078361 794
602931169 795
198553539 796
2414810330 797
2569584719 798
17665641 799
2420764201 800
164925458 801
112216795 802
2889484097 803
278115412 804
2530776391 805
450732499 806
342955623 807
628765466 808
968493397 809
2869527457 810
14834879 811
1670962231 812
27281240 813
568002438 814
409571529 815
394570074 816
2790292676 817
1292057738 818
1917430519 819
18987581 820
2438996330 821
450868123 822
344938512 823
345650937 824
198212149 825
1539040020 826
2834579854 827
1425495691 828
465075422 829
5967972 830
3002760593 831
48680856 832
2538830359 833
229124229 834
19038534 835
177344278 836
287278342 837
983270113 838
365268238 839
52972702 840
3327376767 841
483395237 842
818815424 843
86905559 844
1702815950 845
85387084 846
271374688 847
247540117 848
2721171940 849
26487169 850
21368516 851
485899459 852
2741341173 853
2970229437 854
3177217860 855
3368587798 856
2473726645 857
3054434749 858
187316309 859
242849343 860
1965559992 861
2305869624 862
423820604 863
513389032 864
260625095 865
3119433777 866
900611568 867
295063424 868
123601629 869
3323729033 870
3324661497 871
61247323 872
3393895120 873
3209538088 874
452529241 875
3197854454 876
282208173 877
1122451886 878
5988062 879
108393287 880
3372441113 881
586019698 882
3348088859 883
2306623100 884
2950525545 885
1043190822 886
278006137 887
2460798987 888
636138353 889
257216240 890
2823135715 891
95725957 892
2174569087 893
3232746701 894
18604681 895
207249457 896
3321345107 897
554608196 898
576898780 899
2761757535 900
15299664 901
62084652 902
74033949 903
732888522 904
772098134 905
144232169 906
2274557155 907
319939901 908
2696291723 909
989224406 910
3072630633 911
39700995 912
1480059168 913
26812319 914
1663069568 915
1963365014 916
2178335442 917
228374107 918
2888729354 919
3076086333 920
229765277 921
2570199243 922
111916870 923
2968919057 924
1252346322 925
3332160249 926
2909918785 927
295297582 928
104575164 929
2979592169 930
2277652826 931
88807320 932
162896520 933
88299982 934
184864859 935
111441768 936
964092692 937
3248334481 938
145228940 939
2163566358 940
29648272 941
37295110 942
454675509 943
142333812 944
3165879633 945
3399145107 946
528842323 947
572887349 948
106314050 949
209421658 950
438894465 951
928665294 952
718833946 953
277865735 954
348173579 955
1534561674 956
2694852194 957
2580906410 958
60003258 959
190238258 960
402667853 961
2200490815 962
399900887 963
122049449 964
355733612 965
34717297 966
154838540 967
2780810295 968
1898496596 969
2829993617 970
12398022 971
1436409618 972
2984717803 973
1926016470 974
2731047263 975
2902403625 976
36415086 977
3399350566 978
29480631 979
1434532008 980
427495215 981
156807569 982
3396658829 983
1086779562 984
620210701 985
2688590208 986
353729475 987
2850483731 988
19254775 989
3246105114 990
32750439 991
149503638 992
29006135 993
97781259 994
87318742 995
3026986395 996
1239715004 997
2767309198 998
232936320 999
564165011 1000
1692174140 1001
90260441 1002
2562075239 1003
205371115 1004
2889971332 1005
116344653 1006
3027571762 1007
274205562 1008
1488864481 1009
124578114 1010
299954621 1011
141605349 1012
2612102464 1013
2232047653 1014
3286618622 1015
2919837368 1016
3012811346 1017
2408214882 1018
175604092 1019
211345057 1020
176276117 1021
2896626894 1022
98468907 1023
2918876204 1024
966461749 1025
349597302 1026
11938212 1027
3239321863 1028
133261278 1029
345160251 1030
3065914455 1031
73081987 1032
3384774213 1033
1249284978 1034
3222688017 1035
1179710990 1036
3372211240 1037
202008470 1038
2502260107 1039
1398700290 1040
2425695912 1041
2457894746 1042
32365573 1043
456977393 1044
252316159 1045
2891953294 1046
3301757095 1047
159233438 1048
3278143777 1049
600949936 1050
37519021 1051
2229646347 1052
77979777 1053
1094952104 1054
2264978025 1055
310717413 1056
122442733 1057
2848024864 1058
35835317 1059
20625218 1060
17955153 1061
1487402358 1062
1953317827 1063
3218497703 1064
3205260519 1065
2257612799 1066
122150534 1067
2395706965 1068
1956233017 1069
555786188 1070
990009265 1071
39226263 1072
64837409 1073
3227664951 1074
3207525419 1075
1013427474 1076
73635356 1077
3212320509 1078
557344637 1079
34312041 1080
2763587250 1081
172437103 1082
240375818 1083
589257347 1084
204552368 1085
244439860 1086
204366811 1087
28003949 1088
2829294694 1089
2809657193 1090
544333831 1091
2178110986 1092
211809624 1093
411394146 1094
3268775628 1095
964546038 1096
2810434306 1097
1334865294 1098
2334290731 1099
2347229838 1100
405526221 1101
1335066086 1102
296485954 1103
1456694719 1104
364930955 1105
484657086 1106
147923342 1107
1186808365 1108
55935057 1109
2257709803 1110
3192482611 1111
96419957 1112
204876816 1113
83396222 1114
3044926223 1115
2966391220 1116
103212138 1117
14427663 1118
2783928551 1119
151919653 1120
31223236 1121
16439471 1122
220765205 1123
52141764 1124
498459134 1125
826677510 1126
2346942900 1127
266084123 1128
1614765523 1129
2294969654 1130
2426813004 1131
785860278 1132
517937578 1133
260747401 1134
463431819 1135
14723235 1136
324185138 1137
77425319 1138
3277294370 1139
307881147 1140
632947719 1141
136395858 1142
3232678552 1143
364781012 1144
3208636833 1145
3239642962 1146
38173254 1147
3209528955 1148
462460274 1149
37426182 1150
163927383 1151
125128428 1152
3028986579 1153
2870569900 1154
1146809210 1155
2399922175 1156
567716577 1157
3026620967 1158
3157315565 1159
1474914252 1160
58172461 1161
1049609888 1162
715921478 1163
3285819409 1164
167860942 1165
1488495162 1166
3398620035 1167
2347238814 1168
308153568 1169
322273942 1170
247279597 1171
111432633 1172
69197199 1173
2308922960 1174
845925109 1175
24841259 1176
233890225 1177
57963810 1178
15933658 1179
514966256 1180
21929635 1181
2347123154 1182
1604693838 1183
900414258 1184
2857117532 1185
3369930585 1186
5853962 1187
408060640 1188
144225816 1189
3293322849 1190
359692064 1191
70650509 1192
3091533683 1193
618587448 1194
461803364 1195
185622716 1196
245385426 1197
3254856364 1198
237994971 1199
54972518 1200
3402009159 1201
3159997688 1202
63201802 1203
30300547 1204
1702435508 1205
38218247 1206
17735061 1207
1137698449 1208
2683591446 1209
62679914 1210
1934959154 1211
63368107 1212
506591093 1213
902841756 1214
1933758433 1215
116793440 1216
989696388 1217
291547545 1218
40215629 1219
257409412 1220
101599565 1221
82245088 1222
3028486605 1223
1345312093 1224
2878550155 1225
520167364 1226
277812063 1227
3178988635 1228
82247534 1229
3007713408 1230
3382555439 1231
3293630295 1232
885606271 1233
137250259 1234
621409278 1235
82576485 1236
789608102 1237
494705612 1238
153452737 1239
617988204 1240
2360071993 1241
626688719 1242
380841462 1243
2320427324 1244
2711260435 1245
1279782804 1246
16956277 1247
95170812 1248
3250933615 1249
3062007386 1250
3295061863 1251
358089187 1252
28899112 1253
321353408 1254
1195724178 1255
2357094577 1256
48833593 1257
3071636419 1258
3400327251 1259
249830554 1260
145503191 1261
1484327257 1262
190226961 1263
1658384953 1264
447161218 1265
499675791 1266
3254347732 1267
302206266 1268
1484234522 1269
243844542 1270
2488786926 1271
101136300 1272
13391882 1273
3271689492 1274
1136522773 1275
2463571945 1276
71959874 1277
140782566 1278
552671780 1279
500713859 1280
923252185 1281
2885981820 1282
21282137 1283
490181551 1284
397466667 1285
3300582636 1286
256456300 1287
2347258423 1288
1317650570 1289
159519955 1290
48545702 1291
3300299925 1292
1342905570 1293
843074762 1294
567266222 1295
2330515164 1296
2807454043 1297
2351526181 1298
1399113342 1299
3024808438 1300
275322482 1301
814054454 1302
1898083759 1303
3352107935 1304
2951005080 1305
3277696483 1306
16051687 1307
138918506 1308
358246876 1309
230109060 1310
2689237130 1311
261172636 1312
3402411701 1313
452340335 1314
64954818 1315
587436299 1316
184627206 1317
1366816092 1318
872553170 1319
1633453286 1320
1566827815 1321
196427745 1322
212023751 1323
2731869441 1324
118837027 1325
27172412 1326
298401282 1327
2426148992 1328
2811036857 1329
345367689 1330
703676670 1331
21351506 1332
87504570 1333
201027370 1334
2802248285 1335
24278396 1336
724889701 1337
1306186106 1338
130934111 1339
21352370 1340
17573918 1341
2572916660 1342
116392693 1343
47630921 1344
2802182183 1345
3025969877 1346
2847881972 1347
272558204 1348
21995733 1349
69540361 1350
130472108 1351
263160690 1352
368933390 1353
91153829 1354
14360516 1355
805905451 1356
1235613098 1357
2787260357 1358
2315918467 1359
2481896449 1360
1729065984 1361
2999159432 1362
612652633 1363
3244921294 1364
281411022 1365
293025517 1366
374923758 1367
850652642 1368
1216200444 1369
297885329 1370
413155365 1371
628818072 1372
603088390 1373
1702220268 1374
1876114368 1375
1692364190 1376
2153982932 1377
1692245178 1378
1513772658 1379
2545360910 1380
248023654 1381
1024722828 1382
3354755613 1383
7080552 1384
16488155 1385
415401869 1386
129248147 1387
961423567 1388
2269317685 1389
2904071733 1390
2288728574 1391
133776275 1392
2425592606 1393
3309261987 1394
58794724 1395
3331463668 1396
255531287 1397
328807055 1398
93912662 1399
383820312 1400
2470536999 1401
1378802917 1402
380719281 1403
15899278 1404
931012999 1405
803502542 1406
3172652068 1407
2946667279 1408
2408781523 1409
834364338 1410
853613946 1411
156636361 1412
318904285 1413
212291101 1414
921632886 1415
3091003138 1416
457630274 1417
3353043453 1418
2388428842 1419
400467936 1420
203296291 1421
2459398104 1422
2269557301 1423
263477038 1424
1170545190 1425
476232816 1426
2837244053 1427
2412475357 1428
71676851 1429
1557706741 1430
19938133 1431
2785887928 1432
1123684867 1433
1259773070 1434
158399202 1435
3365779133 1436
3072952136 1437
23573663 1438
371398125 1439
1104723979 1440
15885233 1441
2549593170 1442
3212044223 1443
550464306 1444
3109835171 1445
35435904 1446
79026993 1447
2443812056 1448
56138069 1449
4922631 1450
1395600319 1451
3208961224 1452
17983365 1453
69519762 1454
1553809286 1455
20909037 1456
144087939 1457
71971666 1458
431220987 1459
154673005 1460
133803581 1461
14913137 1462
191063796 1463
1548294744 1464
45579405 1465
2398783549 1466
280082481 1467
2798317598 1468
98250417 1469
307452066 1470
1569857186 1471
1568434604 1472
25300494 1473
49210400 1474
231435363 1475
163175581 1476
3006989727 1477
49770741 1478
3292488420 1479
2453476524 1480
37602035 1481
3279331363 1482
243985729 1483
46306298 1484
1428815594 1485
957371209 1486
133242280 1487
66367082 1488
3347290719 1489
3007363977 1490
63530337 1491
2863847967 1492
136317730 1493
2497314529 1494
3331485749 1495
768577789 1496
823827907 1497
1849370575 1498
3158822445 1499
504808762 1500
3209329029 1501
2523605870 1502
895234316 1503
591291172 1504
589462855 1505
2245441478 1506
2974322945 1507
585449610 1508
2488468213 1509
947186557 1510
314169551 1511
436985202 1512
3216205491 1513
3308268819 1514
49199981 1515
326709238 1516
2462543280 1517
2604521237 1518
1692668804 1519
2814040114 1520
2778005963 1521
301019006 1522
2281953847 1523
36164779 1524
103162772 1525
31579226 1526
1090948867 1527
2480159485 1528
2410008192 1529
557694178 1530
48673284 1531
2256561215 1532
1494835716 1533
28564316 1534
1342895516 1535
47573602 1536
27352127 1537
3021430700 1538
3269494706 1539
3026448357 1540
2785737504 1541
3026544358 1542
3109224523 1543
1289813677 1544
57730471 1545
48389713 1546
2737251046 1547
582882232 1548
2469815894 1549
323870386 1550
2361823158 1551
750847363 1552
416623169 1553
2291618922 1554
3295585643 1555
835761086 1556
3060706510 1557
16753407 1558
244358010 1559
17605364 1560
1849080410 1561
312720576 1562
105845978 1563
365549928 1564
341105081 1565
35338880 1566
330652998 1567
510942432 1568
576227118 1569
183283706 1570
2401592090 1571
2480827290 1572
3166946673 1573
15257975 1574
332507058 1575
549467552 1576
3025928565 1577
379297386 1578
3191065123 1579
2422875990 1580
385631902 1581
34384708 1582
2841485962 1583
2260757870 1584
2544040771 1585
2191093538 1586
2474233490 1587
2488742641 1588
2209323169 1589
832886564 1590
3165445719 1591
124733381 1592
2350408909 1593
1703864486 1594
2409578707 1595
160369782 1596
123804092 1597
2438202859 1598
3158711733 1599
3026336284 1600
18869909 1601
3334597018 1602
394791500 1603
3177554316 1604
3023066423 1605
1449004548 1606
2193750641 1607
2282444113 1608
1367635076 1609
20792681 1610
2283353341 1611
3012412476 1612
2399437897 1613
252398355 1614
1553444053 1615
146408874 1616
220728454 1617
23876237 1618
472115425 1619
463749076 1620
1099886172 1621
1059585464 1622
2317957736 1623
1904325156 1624
65744408 1625
634168631 1626
1159436552 1627
191846998 1628
210153749 1629
22728614 1630
728814200 1631
21201150 1632
2978710276 1633
1961483443 1634
570818132 1635
149313670 1636
3157936122 1637
27922586 1638
1367921624 1639
2444982048 1640
3228536823 1641
249895896 1642
576939846 1643
3375673377 1644
133479912 1645
2443877819 1646
65065464 1647
230045723 1648
1340224687 1649
1851815635 1650
213018663 1651
21239654 1652
375405313 1653
426211557 1654
562149429 1655
51670985 1656
297054637 1657
19629210 1658
6173692 1659
303503398 1660
20010655 1661
39958432 1662
1227852967 1663
226723035 1664
2398364119 1665
2847514744 1666
2428499479 1667
3024351744 1668
3303522982 1669
1054992506 1670
28104499 1671
3024441434 1672
431969214 1673
119199702 1674
3222278001 1675
2769701894 1676
553785058 1677
1451377339 1678
2601118704 1679
3197127891 1680
99126629 1681
854823122 1682
547753852 1683
28662619 1684
3254364449 1685
3119341433 1686
380179008 1687
306119761 1688
224383563 1689
1176134665 1690
461385547 1691
2722776560 1692
314243234 1693
3232145240 1694
1091354204 1695
3413382713 1696
474178244 1697
282932496 1698
2829243280 1699
2730706777 1700
325994896 1701
3094426231 1702
2748460636 1703
2225827864 1704
2348556931 1705
3174372801 1706
2727020975 1707
48951313 1708
3372073282 1709
3262649672 1710
60638176 1711
235692936 1712
380526746 1713
106441612 1714
2669709960 1715
739510476 1716
15143621 1717
147241562 1718
3272481211 1719
393551997 1720
884446584 1721
65919935 1722
69896457 1723
1886068736 1724
78364932 1725
111107350 1726
3023260293 1727
3389630140 1728
115807317 1729
39524149 1730
79175176 1731
2951248157 1732
121171051 1733
3352416107 1734
710777930 1735
3121202594 1736
3307743439 1737
3226509478 1738
403992815 1739
3389680871 1740
3277355796 1741
555370896 1742
935491188 1743
3159177021 1744
3300707338 1745
3392306751 1746
403115265 1747
128680979 1748
263834995 1749
26470418 1750
159464272 1751
246725820 1752
1325481396 1753
444748548 1754
58869220 1755
287660375 1756
604679073 1757
469190482 1758
1216658401 1759
2541458987 1760
2729504391 1761
81349083 1762
2474398730 1763
1813434864 1764
567482790 1765
102761713 1766
485633508 1767
2352617678 1768
435860035 1769
2957447451 1770
279591787 1771
2444313433 1772
435063287 1773
547758572 1774
258407054 1775
115543224 1776
3231860316 1777
1076537990 1778
247880901 1779
730560078 1780
2976578589 1781
1013442566 1782
304820025 1783
3131296858 1784
166001916 1785
2175714210 1786
3160713916 1787
209941571 1788
45410890 1789
2393435882 1790
2348167147 1791
21474769 1792
2521238090 1793
414881623 1794
19802846 1795
2551006890 1796
2769935160 1797
74841347 1798
76558553 1799
1316956274 1800
2326222993 1801
865210699 1802
293167675 1803
250670670 1804
2959179523 1805
1162651273 1806
2293418102 1807
1978165356 1808
2442079590 1809
2377091478 1810
104394500 1811
324212980 1812
554720674 1813
2641726901 1814
247555612 1815
854017279 1816
18810217 1817
2761853959 1818
38422859 1819
2752923901 1820
188050283 1821
261751772 1822
2598298903 1823
2582427774 1824
1496506104 1825
809918786 1826
113448327 1827
366853135 1828
3254816213 1829
305483537 1830
2666471250 1831
101879285 1832
813530198 1833
2549809711 1834
3191591624 1835
85333224 1836
44223391 1837
2409595814 1838
2414609995 1839
411046193 1840
2398599938 1841
47153313 1842
20746410 1843
114955534 1844
216857445 1845
1262275483 1846
1451911826 1847
1500832646 1848
469086244 1849
1174827270 1850
338732766 1851
286217515 1852
13374 1853
2279864526 1854
3244996911 1855
564725304 1856
2725474570 1857
782475307 1858
75864603 1859
2869217387 1860
130977700 1861
81718230 1862
2241461716 1863
3277779020 1864
1003697563 1865
2865973738 1866
2972123284 1867
1721826350 1868
38682551 1869
3206972201 1870
271345708 1871
75615329 1872
131929546 1873
2220376029 1874
3402732117 1875
1658555072 1876
1090471321 1877
2250773786 1878
2417727836 1879
2646563413 1880
2223816804 1881
2523807409 1882
2282386165 1883
606042176 1884
277064676 1885
2244278892 1886
2778428470 1887
2806676274 1888
58966831 1889
2798798158 1890
2604463109 1891
416296194 1892
41165751 1893
238015192 1894
2528078443 1895
2473152336 1896
287589916 1897
3160597432 1898
2952557518 1899
37216024 1900
29141352 1901
1375150830 1902
54773913 1903
321627614 1904
4574161 1905
96512306 1906
499216919 1907
51578988 1908
3252191410 1909
1701698635 1910
2165033947 1911
5715752 1912
17622775 1913
3091669923 1914
1182378068 1915
129594482 1916
3035408031 1917
2715331594 1918
261885661 1919
3420107517 1920
70235374 1921
3386977203 1922
1373163403 1923
401498955 1924
2556738258 1925
806614112 1926
3394421337 1927
3420788063 1928
588376209 1929
840513422 1930
22199904 1931
1556404302 1932
2360832798 1933
63766213 1934
287498188 1935
1394898288 1936
2769721476 1937
446568247 1938
2256760459 1939
47593615 1940
2466154559 1941
192269050 1942
15427912 1943
402333589 1944
351878652 1945
609302538 1946
2357951545 1947
461810707 1948
2577283156 1949
3064107227 1950
91619155 1951
381084382 1952
2814584321 1953
53017384 1954
124887111 1955
57888122 1956
1668084019 1957
2786214196 1958
1578038862 1959
2809044646 1960
3360275237 1961
2372002118 1962
2457747973 1963
318955415 1964
3393553743 1965
130796289 1966
73338021 1967
353096857 1968
148088741 1969
1048831766 1970
3194099095 1971
587410070 1972
3257607609 1973
3022159223 1974
580265439 1975
403018382 1976
355635999 1977
148997565 1978
246295381 1979
1231146032 1980
2465187761 1981
138353256 1982
1589391517 1983
2342629211 1984
2359293380 1985
925504734 1986
913864939 1987
279118291 1988
51082394 1989
1671271333 1990
122427214 1991
49721491 1992
299551446 1993
2980921303 1994
2322296624 1995
2706510680 1996
454542954 1997
3292267826 1998
3390180886 1999
269902419 2000
255340030 2001
778757532 2002
2976437673 2003
47534393 2004
226523792 2005
1928837743 2006
2265885618 2007
1225792795 2008
2325961495 2009
111313342 2010
259329309 2011
3178645162 2012
292027103 2013
2313836011 2014
2287850456 2015
248811404 2016
91635777 2017
50812408 2018
2538090492 2019
3246064769 2020
1853261750 2021
87339732 2022
2953515453 2023
1588884530 2024
3159519459 2025
1956492258 2026
1191662850 2027
2467907543 2028
2463739170 2029
125351267 2030
2354783671 2031
2721808904 2032
13870942 2033
123233792 2034
2177175701 2035
134229245 2036
15970784 2037
2267856554 2038
273456262 2039
951502784 2040
1430746742 2041
2354247799 2042
2220445441 2043
3240390307 2044
2173108910 2045
3421019055 2046
49240542 2047
406400734 2048
1624437907 2049
3190388565 2050
3349359484 2051
3362021481 2052
3196732506 2053
844129537 2054
2526177432 2055
17687565 2056
302152701 2057
307739790 2058
2816367153 2059
342957283 2060
2732820467 2061
3421383863 2062
3347591013 2063
265858779 2064
110157048 2065
3287257699 2066
2872282579 2067
140471399 2068
1849304827 2069
785083182 2070
3239955086 2071
273648929 2072
3299425326 2073
711155684 2074
979516315 2075
434207544 2076
61808074 2077
30203360 2078
1637772139 2079
445785705 2080
2969900219 2081
145068025 2082
3236501593 2083
128370270 2084
2320797671 2085
532472727 2086
2664779036 2087
62357503 2088
3047985655 2089
2779021911 2090
1486066801 2091
2283939942 2092
31087423 2093
2172749372 2094
362197116 2095
115076631 2096
3126913587 2097
69500480 2098
383859810 2099
619357720 2100
228048565 2101
2645227748 2102
1623606493 2103
890918743 2104
2348119694 2105
635039121 2106
488669140 2107
406316397 2108
1608196628 2109
270547605 2110
336729151 2111
286089789 2112
245343379 2113
950465161 2114
226997507 2115
76357575 2116
1546426322 2117
2800362548 2118
369760961 2119
173802033 2120
1038152330 2121
3089999849 2122
2469240457 2123
596925435 2124
998188303 2125
10720882 2126
2776306870 2127
481409666 2128
930021348 2129
992077086 2130
980880956 2131
1616290519 2132
584850080 2133
497867904 2134
540315439 2135
2905177678 2136
385322775 2137
2537995166 2138
2759244988 2139
1275749880 2140
1677842870 2141
2978650221 2142
2163450864 2143
1038028680 2144
1864414046 2145
54909514 2146
53870725 2147
139087615 2148
100001518 2149
100809592 2150
179109070 2151
100786502 2152
139146579 2153
858290600 2154
402084610 2155
721838497 2156
733075519 2157
2433423134 2158
1921282368 2159
993198061 2160
69958501 2161
3386736244 2162
29969188 2163
98466900 2164
343565763 2165
99383259 2166
2377742384 2167
455112882 2168
2914491928 2169
2523551004 2170
105889980 2171
1513532196 2172
151086788 2173
1335076610 2174
118795734 2175
199847605 2176
1611244260 2177
11632092 2178
2198185243 2179
2256239927 2180
2986615031 2181
767924785 2182
207154307 2183
2832240406 2184
2606785649 2185
217421873 2186
2763022800 2187
1516662030 2188
301616721 2189
471071814 2190
630944189 2191
392871900 2192
320306921 2193
614747277 2194
381418196 2195
1453777434 2196
3023091052 2197
257779656 2198
843041142 2199
2746196523 2200
876529166 2201
3374471237 2202
213991030 2203
2414457033 2204
700968630 2205
926269062 2206
20764056 2207
2263220017 2208
2683699989 2209
48534642 2210
593718808 2211
228795466 2212
49323761 2213
1074525745 2214
386444922 2215
2264363900 2216
2856404785 2217
2977285569 2218
2935471146 2219
40820283 2220
3127685356 2221
3425916771 2222
746034487 2223
3032111928 2224
877551276 2225
15250752 2226
84300444 2227
18892635 2228
142295954 2229
553423842 2230
24772718 2231
3359064478 2232
2903132871 2233
3231565720 2234
62147133 2235
27045771 2236
870600342 2237
2280998132 2238
902596597 2239
632514374 2240
3312948187 2241
3399847997 2242
2279670090 2243
1170690691 2244
101846891 2245
364384953 2246
122886494 2247
3347645104 2248
156699004 2249
24381764 2250
214252752 2251
126916983 2252
1515438972 2253
17741758 2254
3425843368 2255
87645208 2256
59614743 2257
3080191047 2258
2488577875 2259
1320131076 2260
1522149614 2261
215461216 2262
2738342085 2263
2725109187 2264
2217800655 2265
3293218198 2266
2805314939 2267
2792892015 2268
493569553 2269
515640272 2270
246993396 2271
381944770 2272
3230540212 2273
574771127 2274
396507413 2275
1644946482 2276
3401800876 2277
2859784900 2278
2894171364 2279
303891803 2280
1380729954 2281
1560906649 2282
3085460754 2283
3412155755 2284
2782531248 2285
1899795816 2286
1527449270 2287
2545283606 2288
453766124 2289
2272978598 2290
245164168 2291
65984702 2292
2886736311 2293
382901866 2294
1448600947 2295
606063812 2296
94084686 2297
2764109593 2298
3412424825 2299
222065212 2300
3254153752 2301
2767036163 2302
245693197 2303
626985423 2304
1229170682 2305
3424644712 2306
1378028484 2307
2245205664 2308
319230450 2309
2231905548 2310
1555231692 2311
77632355 2312
365953383 2313
1368328147 2314
631070605 2315
2355152160 2316
2158613570 2317
837933536 2318
376206547 2319
1421290633 2320
532779460 2321
132208281 2322
2263189952 2323
2719993785 2324
1433111642 2325
231056756 2326
1159091352 2327
3399891370 2328
261253187 2329
291640996 2330
463775286 2331
1901561167 2332
3069172528 2333
138713188 2334
293245266 2335
3266591372 2336
2713029169 2337
521534914 2338
448242734 2339
245651739 2340
3170942097 2341
2690609701 2342
1477093922 2343
323813804 2344
267448332 2345
3087794745 2346
17722542 2347
2871142023 2348
30279772 2349
3366844642 2350
15797425 2351
374775473 2352
2361564184 2353
3281552893 2354
57886729 2355
15896652 2356
3242649868 2357
322770027 2358
2502329424 2359
3223894625 2360
2811566381 2361
805302122 2362
2879297803 2363
21051642 2364
1532198083 2365
2198191542 2366
2414931 2367
543110236 2368
3131282488 2369
3154581231 2370
3156928906 2371
2948123919 2372
134144921 2373
429120439 2374
1729770470 2375
17494767 2376
2312387600 2377
55273360 2378
318593954 2379
2802550303 2380
553643100 2381
1287321284 2382
106659606 2383
246538797 2384
1493943552 2385
2336787329 2386
1320937494 2387
562236448 2388
1637725969 2389
2735672252 2390
726606516 2391
3091374658 2392
1711305966 2393
2812163475 2394
3129047133 2395
225356039 2396
566552762 2397
91099960 2398
2417385907 2399
2792171854 2400
2850722943 2401
2899713352 2402
2678355564 2403
270921976 2404
426070710 2405
2291536631 2406
143601325 2407
2782040372 2408
617022957 2409
2835831081 2410
2551394742 2411
482969953 2412
2783538092 2413
2615305706 2414
140023693 2415
2577298687 2416
234550884 2417
1247547019 2418
338459738 2419
2455380108 2420
3207885119 2421
149247880 2422
3403323323 2423
3281754584 2424
607167777 2425
3039257555 2426
317756675 2427
3312459069 2428
2835108226 2429
152158241 2430
3310461107 2431
2757082275 2432
3410677325 2433
2873466784 2434
1485058292 2435
592656183 2436
375196678 2437
2707375324 2438
3034174301 2439
339882890 2440
3043922668 2441
49021440 2442
289373969 2443
3185049295 2444
555819058 2445
2430282864 2446
3348284830 2447
2472014665 2448
2828227200 2449
221618096 2450
138418838 2451
1342914152 2452
68076161 2453
15339921 2454
3161005390 2455
1427299556 2456
1035167324 2457
2224508862 2458
2304826140 2459
2875804354 2460
2172559621 2461
2250474737 2462
34387114 2463
2563932243 2464
41231330 2465
1173261715 2466
83847970 2467
1270664520 2468
611128831 2469
257839239 2470
55813812 2471
1382627982 2472
24638730 2473
143152420 2474
1490788159 2475
2826242588 2476
2800549223 2477
200918966 2478
352320187 2479
437439042 2480
620310214 2481
2303340408 2482
1499167165 2483
3157858835 2484
18978131 2485
2359251582 2486
3427021157 2487
447999329 2488
982676526 2489
942649616 2490
2285323062 2491
488060497 2492
2249208950 2493
297771685 2494
3028072109 2495
2375521386 2496
49219932 2497
2905627686 2498
1331104922 2499
735307086 2500
2734103126 2501
2720006049 2502
1286679588 2503
340006233 2504
281593629 2505
924354284 2506
475883748 2507
2426928816 2508
224820157 2509
291685839 2510
353934314 2511
346761373 2512
112529991 2513
3029027123 2514
198945680 2515
2674220738 2516
587508712 2517
277069083 2518
236028801 2519
40456700 2520
3297662428 2521
2590645216 2522
3017776576 2523
1633513916 2524
178816026 2525
2836882956 2526
2400343586 2527
330497152 2528
3092143149 2529
297186667 2530
256409027 2531
2955098326 2532
2367297091 2533
82633295 2534
2975490465 2535
269839336 2536
1900079221 2537
169637331 2538
2493730507 2539
828151412 2540
2657037480 2541
134799789 2542
137474806 2543
212637553 2544
25686552 2545
2370125906 2546
251622947 2547
562067845 2548
463682576 2549
56103593 2550
141598993 2551
2477920644 2552
22757247 2553
480543668 2554
1116421326 2555
1518904280 2556
3081786853 2557
80532808 2558
524286390 2559
740397097 2560
257671721 2561
1858857026 2562
2371486795 2563
257164497 2564
249151244 2565
2465015920 2566
552779064 2567
84584229 2568
3051132234 2569
187964046 2570
188363258 2571
714399620 2572
3346741966 2573
38810710 2574
3186440924 2575
437995846 2576
167811348 2577
3258445493 2578
313479514 2579
2388812088 2580
3291989658 2581
54204081 2582
1278717012 2583
2793556231 2584
231390130 2585
300907974 2586
257436071 2587
3421777493 2588
3432538966 2589
3265559538 2590
987679290 2591
112709628 2592
291352958 2593
97518893 2594
28407710 2595
725711756 2596
234540820 2597
3052755670 2598
1466848657 2599
2857128238 2600
367843406 2601
187301970 2602
19971316 2603
19564179 2604
1409021160 2605
735701744 2606
3092388171 2607
3344185061 2608
1317689665 2609
396156403 2610
210753665 2611
326605309 2612
1097291030 2613
2844379180 2614
3314658544 2615
147774520 2616
1350276613 2617
1350254262 2618
2893135260 2619
813853010 2620
1888035650 2621
1633644079 2622
2308817593 2623
2308411033 2624
1667574200 2625
1628313818 2626
1628613636 2627
293172311 2628
2655455804 2629
209050006 2630
1972455324 2631
162845931 2632
3044699697 2633
454831138 2634
137777900 2635
3407343754 2636
328278834 2637
61932089 2638
3035677629 2639
3283855778 2640
59445101 2641
145163404 2642
2751536594 2643
211480416 2644
47962856 2645
2279809478 2646
1351360772 2647
2614211058 2648
3401020835 2649
3396410853 2650
29662823 2651
3100569793 2652
3069213205 2653
153157382 2654
2243324744 2655
37329581 2656
3299912624 2657
844740403 2658
1948657260 2659
1215947096 2660
107794703 2661
288736950 2662
405194953 2663
161876017 2664
3294471082 2665
147602027 2666
241086864 2667
2525149488 2668
961706424 2669
2981786135 2670
197176188 2671
971761 2672
376510469 2673
322588960 2674
2740386331 2675
59835948 2676
1427336462 2677
14186393 2678
77816846 2679
3095548719 2680
1018174922 2681
244586213 2682
37451311 2683
76429518 2684
262500029 2685
72397581 2686
2648649574 2687
29846381 2688
22911209 2689
394245906 2690
396831702 2691
1238816431 2692
1205194004 2693
23685037 2694
606598227 2695
629608381 2696
577337789 2697
304562507 2698
1445912984 2699
384147284 2700
1109851152 2701
1377939524 2702
2285634829 2703
2883619918 2704
506958753 2705
430096982 2706
262302919 2707
2458510246 2708
577096192 2709
44334648 2710
211337962 2711
3195099002 2712
57057518 2713
324280623 2714
29337802 2715
561036687 2716
3368241053 2717
1664741276 2718
575774461 2719
542792728 2720
2508050305 2721
31563346 2722
48401114 2723
839402840 2724
262429512 2725
476071901 2726
15968617 2727
216834712 2728
42755500 2729
373770825 2730
781029062 2731
107393078 2732
438589393 2733
1957499384 2734
3213448149 2735
2965576128 2736
1849461949 2737
2249166907 2738
934476271 2739
3131294615 2740
104966264 2741
140085646 2742
309957858 2743
274661254 2744
22440812 2745
3361998159 2746
627156320 2747
83342589 2748
571246317 2749
31497718 2750
1000164918 2751
2464867113 2752
363816170 2753
443910842 2754
1712009221 2755
3223308912 2756
3127499210 2757
590180745 2758
2393234545 2759
2346020467 2760
1305754867 2761
707720803 2762
366224911 2763
21533462 2764
238763830 2765
29409786 2766
218264459 2767
1576513538 2768
21546203 2769
112614146 2770
2249387060 2771
111896955 2772
21940724 2773
246104987 2774
1195574418 2775
52474769 2776
872429527 2777
420286167 2778
3092058549 2779
348661583 2780
238087852 2781
2892135005 2782
2300190673 2783
3208133517 2784
1172930430 2785
930776510 2786
186478529 2787
119058566 2788
247007716 2789
240265305 2790
1640587670 2791
19855042 2792
18378334 2793
2196568974 2794
255666550 2795
592160066 2796
620565060 2797
778284438 2798
3065836541 2799
38341062 2800
385674726 2801
14077975 2802
2218365024 2803
3004109303 2804
203068757 2805
1205761178 2806
2166493548 2807
124297037 2808
3360112245 2809
270610962 2810
3115666001 2811
388740647 2812
2849260845 2813
2357076072 2814
15223619 2815
462037570 2816
1514240376 2817
66748464 2818
2411634828 2819
2755540223 2820
2422470674 2821
2384823955 2822
17983686 2823
1583035398 2824
1403367444 2825
16190478 2826
386541602 2827
1008492163 2828
87603897 2829
3303149416 2830
836173657 2831
1682661110 2832
2918306769 2833
3260196248 2834
779904919 2835
3277303759 2836
2212772029 2837
49392233 2838
126312438 2839
83096263 2840
100842016 2841
43388807 2842
289882907 2843
144799762 2844
2149835559 2845
2925244313 2846
31694460 2847
2395921495 2848
452681526 2849
3277238138 2850
507078507 2851
174996144 2852
3261912158 2853
499297261 2854
76114601 2855
565726567 2856
118613870 2857
2527815351 2858
1938733088 2859
1524300450 2860
2389229665 2861
526579281 2862
3161107329 2863
545146690 2864
1027275385 2865
109274506 2866
195109044 2867
419517909 2868
587634231 2869
2176802240 2870
739932529 2871
2218176538 2872
1187136625 2873
2399796902 2874
136079224 2875
3150919784 2876
1441189663 2877
2964963503 2878
254162840 2879
2378737538 2880
215112498 2881
3044778149 2882
1530472884 2883
560242800 2884
282546055 2885
20453211 2886
18438933 2887
104360244 2888
29964420 2889
1697954779 2890
42719058 2891
355242420 2892
133810147 2893
572286880 2894
49257796 2895
528551397 2896
3417992973 2897
363270777 2898
1272454735 2899
2359265826 2900
222635853 2901
280385318 2902
30122242 2903
2541876851 2904
3398808388 2905
497162873 2906
243882040 2907
175937573 2908
21055261 2909
341327946 2910
1038235795 2911
1104507710 2912
374996407 2913
365887967 2914
251069755 2915
1122126818 2916
23060198 2917
898707906 2918
16570847 2919
2450621492 2920
1590198108 2921
1341381270 2922
1247966018 2923
3036618682 2924
2300558029 2925
311340378 2926
2400466927 2927
997810836 2928
172612269 2929
2230388154 2930
2748686820 2931
3409777672 2932
626152233 2933
2942377752 2934
720784502 2935
23032307 2936
340064107 2937
2479573608 2938
99122052 2939
220974484 2940
921978792 2941
2881002634 2942
2824379749 2943
1536920875 2944
61018639 2945
162107488 2946
17351088 2947
22971821 2948
2573317902 2949
2992624003 2950
3112421878 2951
145410264 2952
27002612 2953
221842019 2954
2838256094 2955
2998676088 2956
148392992 2957
2993975016 2958
246464087 2959
313385516 2960
320647611 2961
2408949314 2962
3436112872 2963
2834429439 2964
1308898956 2965
3222647783 2966
977478433 2967
1061176904 2968
3433148488 2969
2773424737 2970
73291471 2971
2971422114 2972
29171408 2973
168117676 2974
3121765498 2975
146958450 2976
54267660 2977
396605502 2978
36193886 2979
3388089041 2980
3288069198 2981
356937667 2982
2266583083 2983
530004813 2984
531796194 2985
128902332 2986
105200868 2987
2668208168 2988
3141573593 2989
106553635 2990
393403321 2991
3429922563 2992
458768756 2993
740614004 2994
2199929872 2995
463732269 2996
46740184 2997
157399973 2998
2726154818 2999
231029041 3000
559556419 3001
709971222 3002
175470877 3003
3430055260 3004
3040474978 3005
2932191311 3006
2265031796 3007
284840167 3008
367538716 3009
354512623 3010
3120654185 3011
3011298896 3012
579962352 3013
2259191958 3014
17664604 3015
119367475 3016
384415726 3017
2797740998 3018
709953356 3019
401907828 3020
2395247173 3021
219769750 3022
977717779 3023
3174881373 3024
3023630524 3025
635059523 3026
1347733093 3027
3051009657 3028
256442158 3029
93410612 3030
30600321 3031
520542540 3032
39458583 3033
1118017532 3034
316991543 3035
1478100548 3036
940160473 3037
419665502 3038
1928290020 3039
2236560895 3040
23011146 3041
157776558 3042
409646880 3043
2393172853 3044
2917644652 3045
3320556786 3046
3072399537 3047
3248716763 3048
25414749 3049
573927117 3050
2450429919 3051
322041648 3052
155332832 3053
15661214 3054
2228540020 3055
2802384855 3056
3430883566 3057
2279733733 3058
1173033602 3059
55348286 3060
15700154 3061
958392030 3062
228939539 3063
450227667 3064
2692264936 3065
2886742095 3066
88070557 3067
2816714039 3068
1424074681 3069
2906297560 3070
410793457 3071
1209613802 3072
830353285 3073
3124507685 3074
3419867877 3075
81293985 3076
1440784603 3077
631742193 3078
3204690927 3079
22822556 3080
3309385306 3081
425821417 3082
1944804115 3083
3381756016 3084
1488790201 3085
1147276890 3086
110169525 3087
133507637 3088
24639297 3089
1865005212 3090
15370931 3091
173064256 3092
157605748 3093
301437088 3094
2811478931 3095
755038513 3096
33446776 3097
1586535469 3098
616138397 3099
57016835 3100
41434031 3101
2525645395 3102
269137682 3103
3430543833 3104
889588436 3105
3402529270 3106
212820561 3107
29990012 3108
1169846424 3109
2914427715 3110
3374059366 3111
2982089170 3112
246942925 3113
45496426 3114
2604171504 3115
2611406413 3116
2629694544 3117
2616161863 3118
2607020407 3119
2607026989 3120
2639566944 3121
2639557602 3122
2604191156 3123
2611410739 3124
2831562262 3125
2595395220 3126
2841996886 3127
2599275648 3128
2994668404 3129
2599310971 3130
2656195104 3131
2587456520 3132
2590952077 3133
2561828832 3134
2639549378 3135
2799517404 3136
2606009444 3137
2841960185 3138
2577474444 3139
2611394605 3140
2606994162 3141
2598144936 3142
2799518220 3143
2842123377 3144
2598531984 3145
2639569447 3146
2656233439 3147
2577504656 3148
2577491569 3149
2606013974 3150
2604180812 3151
2598143676 3152
2595395418 3153
2515921573 3154
2599290500 3155
2656192146 3156
2610406447 3157
2611396693 3158
2606002268 3159
2603062861 3160
2599270026 3161
2602263541 3162
2656206896 3163
2598143070 3164
2799599299 3165
2611403629 3166
2672862462 3167
2656207958 3168
2616144968 3169
2603051954 3170
2656222838 3171
2610380036 3172
2603047652 3173
2736655782 3174
2604165042 3175
2607015476 3176
2639604619 3177
2607018026 3178
2856399628 3179
2736680078 3180
2605996638 3181
2599308037 3182
2994670210 3183
2595436411 3184
2656190520 3185
2656228513 3186
2515746222 3187
2595398190 3188
2729493691 3189
2801536447 3190
2607006476 3191
2656213430 3192
2506805072 3193
2629659726 3194
2586064820 3195
2616170197 3196
2609034824 3197
2605998234 3198
2656240741 3199
2841996574 3200
2609035118 3201
2656207250 3202
2599281440 3203
2656188438 3204
2513675208 3205
2601187375 3206
2733903254 3207
2577500851 3208
2612230238 3209
2656217318 3210
2592696116 3211
2656226821 3212
2609059681 3213
2577469686 3214
2639555888 3215
2799528162 3216
81631687 3217
3433957804 3218
3433121211 3219
3433230586 3220
3433815837 3221
3432423737 3222
3434491738 3223
3433245935 3224
3433886146 3225
3433141785 3226
3433930192 3227
3433883201 3228
3433904644 3229
3433140513 3230
3463320221 3231
3433987468 3232
3433916975 3233
3433493428 3234
3433244476 3235
3433182989 3236
3433981372 3237
3433897895 3238
3433989952 3239
3433146813 3240
3463261281 3241
3433832127 3242
3463284207 3243
3463385308 3244
3433806153 3245
3434108009 3246
3463303755 3247
3433918246 3248
3433123287 3249
3433925152 3250
3433194143 3251
3433180229 3252
3433813485 3253
3433239430 3254
3433936030 3255
3433243954 3256
3433190033 3257
3463404916 3258
3433777023 3259
3463284735 3260
3433863425 3261
3463398196 3262
3433158501 3263
3433914317 3264
3433267030 3265
3433474401 3266
3463404202 3267
3433863795 3268
3433212155 3269
3433416411 3270
3463361783 3271
3433250224 3272
3434057033 3273
3433195667 3274
3433191911 3275
3433141815 3276
3433900461 3277
3433844157 3278
3433894413 3279
2230307970 3280
3433826271 3281
3433896424 3282
3433933072 3283
3433788267 3284
3433915060 3285
3433194983 3286
3433847837 3287
3433904086 3288
3433249900 3289
3433844229 3290
3433147335 3291
3433190327 3292
3433141395 3293
3463378643 3294
3433875599 3295
3463456282 3296
3433838861 3297
3433618971 3298
3433185617 3299
3463353315 3300
3433840923 3301
3343011028 3302
3433168133 3303
3463390702 3304
3433232896 3305
3463340475 3306
3433252444 3307
3433885781 3308
3433815045 3309
3433160717 3310
3433178279 3311
3463455196 3312
3463337781 3313
3432608237 3314
3322634242 3315
3433195913 3316
3320363561 3317
3434098546 3318
3433856429 3319
3463454776 3320
3463331055 3321
3434086990 3322
3433927012 3323
3433555241 3324
3433965274 3325
3338045019 3326
3463457422 3327
3433879678 3328
3433850291 3329
3323702481 3330
3463336581 3331
3343616057 3332
3463410809 3333
3433891283 3334
3343106901 3335
3433829645 3336
3433923431 3337
3463456643 3338
3326165410 3339
3343420173 3340
3433937992 3341
3433227418 3342
3338238549 3343
85959025 3344
3326574461 3345
3433857033 3346
3433912067 3347
3433149927 3348
3463523482 3349
3433878947 3350
3463400536 3351
3322204253 3352
3377565629 3353
3463365267 3354
3325985325 3355
3340915977 3356
3433229584 3357
3433237978 3358
3433165625 3359
3344194299 3360
3433243348 3361
3463398975 3362
3463451537 3363
3433126707 3364
3342036045 3365
3463476857 3366
3343104604 3367
3333808335 3368
3463527496 3369
3433229872 3370
3340345006 3371
3433183589 3372
3463460543 3373
3354366047 3374
3434506535 3375
3433912709 3376
3325026215 3377
3433979824 3378
3433953155 3379
3433804299 3380
3356380515 3381
3342964007 3382
3322134826 3383
3336600657 3384
3337464701 3385
3356076568 3386
3463405581 3387
3320418563 3388
3331410646 3389
3434165596 3390
3325554891 3391
3463408161 3392
3329118521 3393
3346328115 3394
3463330757 3395
3434109653 3396
3347911563 3397
3433859307 3398
3433960882 3399
3463491329 3400
3433897636 3401
3433841297 3402
3433840353 3403
3341996091 3404
3433824837 3405
3433884575 3406
3350754226 3407
3463511903 3408
3463503803 3409
3348255839 3410
3340969325 3411
3433826469 3412
3463489217 3413
3333951886 3414
3433125159 3415
3433238404 3416
3434301327 3417
3433879264 3418
3331541285 3419
3327085552 3420
3433794423 3421
3433783767 3422
3463551796 3423
3363990495 3424
3433800885 3425
3325168277 3426
3433956923 3427
3433967296 3428
3463541428 3429
3340266509 3430
3463445957 3431
3333228939 3432
3433201833 3433
3463515977 3434
3321098151 3435
3326269575 3436
3463495223 3437
3433227712 3438
3433885054 3439
3329581481 3440
3343724181 3441
3433865619 3442
3433799025 3443
3433884257 3444
3433945678 3445
3352768493 3446
3340116639 3447
3348575357 3448
3433960270 3449
3336378046 3450
3433925501 3451
3463592476 3452
3433228114 3453
3433841463 3454
3356135043 3455
3321462213 3456
3354402022 3457
3247011768 3458
3326135003 3459
3313560245 3460
3433901165 3461
3463524689 3462
3341193730 3463
3433146411 3464
3433944095 3465
3433140891 3466
3433949781 3467
3433148823 3468
3338339680 3469
3434058136 3470
3434051356 3471
3463417881 3472
3433984133 3473
3433135041 3474
3432543274 3475
3434014174 3476
3319084383 3477
3348064835 3478
3433954107 3479
3432560307 3480
3463521856 3481
3325683801 3482
3463559117 3483
3432522646 3484
3434040117 3485
3433853597 3486
3433198835 3487
3463582876 3488
3433168847 3489
3434510692 3490
3433999757 3491
3433997849 3492
3434003105 3493
3433130709 3494
3433178927 3495
3434063068 3496
3463540348 3497
3433653767 3498
3433292512 3499
3433991951 3500
3463518508 3501
3463626976 3502
3433826139 3503
3434319321 3504
3434053822 3505
3433791243 3506
3433934361 3507
3433197083 3508
3313553969 3509
3433225198 3510
3433127883 3511
3433252678 3512
3433253992 3513
3433974935 3514
3434000897 3515
3434061279 3516
3433223164 3517
3433936551 3518
3433952289 3519
3434053912 3520
3433176335 3521
3434048500 3522
3433178981 3523
3313512177 3524
3433958049 3525
3434007455 3526
3433942185 3527
3434009159 3528
3434627561 3529
3433195967 3530
3433960251 3531
3434388154 3532
3433957810 3533
3463605323 3534
3433902485 3535
3463584017 3536
3463557015 3537
3433906565 3538
3463554975 3539
3433935873 3540
3433772973 3541
3433916571 3542
3433960647 3543
3433940757 3544
3433990451 3545
3434040238 3546
3434001365 3547
3433959898 3548
3463408521 3549
3463473987 3550
3430171264 3551
3433190393 3552
3433143441 3553
3363460900 3554
3434028256 3555
3433961248 3556
3434041750 3557
3433895615 3558
3463577237 3559
3433900655 3560
3433254070 3561
3463525221 3562
3433241572 3563
3433916260 3564
3433204637 3565
3432588695 3566
3434057458 3567
3433868531 3568
3433830821 3569
3432538270 3570
3433240049 3571
3433156587 3572
3433867401 3573
3434052268 3574
3433914100 3575
3463412235 3576
3433863255 3577
3434051302 3578
3433205501 3579
3433951906 3580
3436245039 3581
3433258348 3582
3436341417 3583
3434444745 3584
3436487063 3585
3433808013 3586
3437171956 3587
3463520715 3588
3433946860 3589
3433202861 3590
3463563147 3591
3436341783 3592
3436146370 3593
3433865565 3594
3433974040 3595
3433863393 3596
3436446759 3597
3436734461 3598
3433121445 3599
3436571163 3600
3433909258 3601
3433990943 3602
3434036680 3603
3434809791 3604
3433224118 3605
3433203197 3606
3433842249 3607
3434485355 3608
3433785039 3609
3313548923 3610
3433844969 3611
3438160893 3612
3463596556 3613
3437971695 3614
3433862735 3615
3435554703 3616
3436113455 3617
3433953664 3618
3412547836 3619
3438211949 3620
3437769489 3621
3438290457 3622
3438094715 3623
3463680088 3624
3434006627 3625
3437765529 3626
3313600396 3627
3433173035 3628
3364579185 3629
3439451907 3630
3433978612 3631
3433913021 3632
3463473873 3633
3434515186 3634
3463697296 3635
3433860645 3636
3463537889 3637
3433120923 3638
3439221369 3639
3433846953 3640
3433939486 3641
3433926917 3642
3433885330 3643
3433913477 3644
3433966060 3645
3433914719 3646
3441486263 3647
3437824936 3648
3463616957 3649
3433131651 3650
3443010323 3651
3463569741 3652
3439472199 3653
3442769535 3654
3439420342 3655
3433130277 3656
3444193276 3657
3463645096 3658
3313551011 3659
3433878201 3660
3448186036 3661
3433930180 3662
3448260201 3663
3449918241 3664
3433823313 3665
3448684767 3666
3449728641 3667
3445903066 3668
3446234957 3669
3463595775 3670
3433810263 3671
3313603750 3672
3463540395 3673
3433865823 3674
3463578861 3675
3439306389 3676
3433878249 3677
3463650736 3678
3448947149 3679
3452487737 3680
14562259 3681
257976104 3682
40537070 3683
2981935404 3684
141834186 3685
797743976 3686
31291893 3687
195248527 3688
1533143322 3689
23842598 3690
2942042818 3691
55949344 3692
2673763098 3693
15841958 3694
185579226 3695
439528396 3696
561608826 3697
853758854 3698
3109627875 3699
3094434679 3700
51016583 3701
601463751 3702
1562645654 3703
2904636286 3704
2831442335 3705
1488682604 3706
279179884 3707
3015895489 3708
302026413 3709
150071880 3710
600074019 3711
2734165878 3712
2459670936 3713
2324097953 3714
3291197558 3715
252242546 3716
3406007626 3717
3381994721 3718
3351671999 3719
2427827623 3720
445842508 3721
345532448 3722
3302455838 3723
2615725926 3724
2427544037 3725
362142581 3726
3114270604 3727
581402775 3728
2705106422 3729
2654331274 3730
2970648744 3731
255951248 3732
413597188 3733
2424248713 3734
3341268328 3735
172258741 3736
394839542 3737
595926407 3738
3026160093 3739
2466650316 3740
2997852675 3741
39076373 3742
2741902524 3743
2925655090 3744
3371178207 3745
1546662494 3746
2377159461 3747
915888678 3748
242663729 3749
2778353969 3750
2916882951 3751
3388180649 3752
190058362 3753
975853472 3754
2886818495 3755
1234443582 3756
245087199 3757
135155476 3758
2736343046 3759
918972458 3760
1616820708 3761
197828234 3762
48141381 3763
201015826 3764
317126266 3765
2790104249 3766
3471685156 3767
3424005065 3768
2172209643 3769
625474278 3770
2448425761 3771
3147395373 3772
91872752 3773
159003619 3774
2336540227 3775
60296618 3776
94408261 3777
1635183072 3778
360228775 3779
199445103 3780
203154890 3781
3325380599 3782
2801992869 3783
2268122796 3784
14203426 3785
52182451 3786
59916705 3787
68093 3788
272953754 3789
2466386563 3790
2371261604 3791
2731517772 3792
324921240 3793
3080934114 3794
1075778510 3795
91894374 3796
315794586 3797
313945406 3798
737294036 3799
2755751021 3800
109014242 3801
2884603973 3802
1633256479 3803
1050521179 3804
11043822 3805
374689164 3806
62707009 3807
2618654834 3808
926062267 3809
3070537481 3810
1357342237 3811
366247224 3812
2563221259 3813
1969609152 3814
273573745 3815
30205164 3816
739148886 3817
2440114805 3818
2892274637 3819
2979773758 3820
2298839480 3821
2173412489 3822
1460366041 3823
2805728862 3824
2769922236 3825
22984882 3826
1672726728 3827
2474085834 3828
223263548 3829
2522112088 3830
399707537 3831
2233488978 3832
389919115 3833
1343024035 3834
3449376143 3835
1691265613 3836
50598105 3837
284017359 3838
23201196 3839
3360099802 3840
103864992 3841
636318646 3842
3170670230 3843
1659233256 3844
460731718 3845
2850251396 3846
3009272450 3847
497818102 3848
2211573742 3849
718534362 3850
435260935 3851
2165791060 3852
2690372059 3853
2540580547 3854
55260264 3855
1938871628 3856
755184175 3857
34568001 3858
2353360606 3859
294613911 3860
373438913 3861
38692090 3862
1951851307 3863
266624941 3864
297696808 3865
187136543 3866
1430951624 3867
2189287577 3868
58711646 3869
996184550 3870
232995454 3871
49422348 3872
2497181456 3873
150364429 3874
1525405154 3875
2876245125 3876
2266235462 3877
241182025 3878
249430123 3879
52763281 3880
319901569 3881
61966367 3882
400946749 3883
2592817392 3884
2530309800 3885
2594860710 3886
253863173 3887
1213709228 3888
3303197800 3889
2322817453 3890
2364616098 3891
356329385 3892
788450244 3893
335978117 3894
2781034665 3895
3104824156 3896
45028559 3897
1473152466 3898
169274239 3899
925048668 3900
1300495392 3901
47934953 3902
402577911 3903
282220110 3904
291321907 3905
248169883 3906
1728380701 3907
268395447 3908
2522486630 3909
67230948 3910
3304878051 3911
516910473 3912
827623652 3913
587672411 3914
558058574 3915
3313007847 3916
20994010 3917
250668570 3918
145568110 3919
98841396 3920
1421351 3921
708479918 3922
6774982 3923
2535648152 3924
214914890 3925
50107325 3926
224657541 3927
1545689414 3928
1341530864 3929
468697897 3930
896927635 3931
1549066418 3932
2613099817 3933
549186500 3934
202123986 3935
94489129 3936
539762027 3937
2269391174 3938
2603889660 3939
1355242663 3940
875561396 3941
3350956385 3942
105925293 3943
187528119 3944
218166562 3945
3242266811 3946
323150398 3947
111247911 3948
1957372652 3949
1206507968 3950
248133614 3951
364213185 3952
1382087582 3953
515597494 3954
344053475 3955
328665666 3956
953950118 3957
901697268 3958
236158627 3959
1529019817 3960
112186577 3961
3062631429 3962
3301130966 3963
2654356639 3964
489507602 3965
82881241 3966
533670368 3967
68995621 3968
3252798429 3969
348227971 3970
108402602 3971
3374716149 3972
3032364329 3973
239953966 3974
3347340443 3975
204072062 3976
41383236 3977
252899711 3978
2184271792 3979
422600606 3980
16624525 3981
2699496506 3982
1314336074 3983
452509963 3984
323362546 3985
180861659 3986
67987292 3987
468940017 3988
1849337911 3989
3051725225 3990
3234015038 3991
247219290 3992
377619841 3993
206962580 3994
49544293 3995
3089815810 3996
536980961 3997
1498326793 3998
74580549 3999
22634280 4000
151391787 4001
337401628 4002
47093419 4003
259744988 4004
1243878836 4005
3242485629 4006
492034711 4007
778802886 4008
185340055 4009
87136959 4010
232195165 4011
17296202 4012
743901649 4013
53630426 4014
45136974 4015
250592291 4016
1270063976 4017
273762321 4018
64067171 4019
46351231 4020
1114391558 4021
508788780 4022
455724651 4023
265427149 4024
207681710 4025
152687079 4026
896146903 4027
65408551 4028
403652763 4029
189116097 4030
116305625 4031
115777637 4032
315960490 4033
218586713 4034
192233282 4035
1345192189 4036
942236784 4037
422164503 4038
20681749 4039
131249283 4040
18602421 4041
2498075569 4042
232972471 4043
324809116 4044
2882736641 4045
1646771184 4046
308405974 4047
3320903492 4048
85386747 4049
844298942 4050
2845917181 4051
2363887313 4052
3153097690 4053
48417340 4054
2284010994 4055
948697872 4056
944264634 4057
2325339908 4058
22348588 4059
105911241 4060
67290915 4061
169943413 4062
3312938655 4063
204043844 4064
798174793 4065
525726943 4066
559921999 4067
211185400 4068
55440384 4069
184676117 4070
391164398 4071
401675584 4072
525701322 4073
19956198 4074
3296797169 4075
1662944101 4076
1485192062 4077
215210215 4078
27061458 4079
914281548 4080
2390687538 4081
355769310 4082
351269091 4083
2460621937 4084
227090683 4085
1503446203 4086
3350304267 4087
109318233 4088
3256131630 4089
273947615 4090
393390302 4091
478696297 4092
21263260 4093
498154944 4094
279219321 4095
346137874 4096
3259053701 4097
140956536 4098
66003 4099
528257946 4100
69874979 4101
2543684064 4102
279531008 4103
3138432499 4104
2375882414 4105
140158830 4106
65336694 4107
255095215 4108
2911181999 4109
978516229 4110
53039423 4111
3037134177 4112
416283865 4113
85673918 4114
907258501 4115
174046229 4116
20228338 4117
2793020689 4118
2596684795 4119
16133114 4120
314548237 4121
2633755439 4122
1083749497 4123
2535446095 4124
1202259331 4125
824831718 4126
384004987 4127
229670513 4128
3025115051 4129
248157364 4130
53874207 4131
626682905 4132
1063209781 4133
2964984533 4134
39219295 4135
1209611652 4136
880165526 4137
3341753009 4138
538565199 4139
2765580615 4140
3331438299 4141
1848929868 4142
2991758393 4143
1307793211 4144
310643025 4145
2312494016 4146
2493234720 4147
233589731 4148
120782519 4149
1897802365 4150
170438644 4151
28516198 4152
2157052408 4153
78433 4154
261742562 4155
156121907 4156
33978796 4157
17675013 4158
15210800 4159
3152781182 4160
129611853 4161
293745809 4162
28534205 4163
17695105 4164
437988272 4165
297063528 4166
17537467 4167
1533193076 4168
54669026 4169
2349823937 4170
327715898 4171
1252826672 4172
1356710378 4173
2592216865 4174
164620886 4175
87170898 4176
230555292 4177
3399719474 4178
17679507 4179
3381659979 4180
229075853 4181
17688757 4182
366030627 4183
96807878 4184
2939887733 4185
1022927334 4186
49110594 4187
1524346178 4188
1664939335 4189
3059507543 4190
1876774915 4191
1135175040 4192
101154794 4193
571874816 4194
2359028480 4195
249746283 4196
358332711 4197
1392662262 4198
292219604 4199
771104196 4200
251502287 4201
234020146 4202
2472131291 4203
55142273 4204
631039577 4205
2466080558 4206
590232437 4207
136154248 4208
297838876 4209
3429405196 4210
17101183 4211
14883354 4212
2713990644 4213
244661614 4214
53464284 4215
41550422 4216
2498176631 4217
2361492889 4218
837269790 4219
2863450394 4220
313397106 4221
342864030 4222
252667299 4223
218804015 4224
110692399 4225
774127554 4226
2720514961 4227
15824279 4228
8863322 4229
316376052 4230
1334957893 4231
403430248 4232
17801749 4233
268929222 4234
596857538 4235
3399459711 4236
1586329478 4237
2463969932 4238
1275106027 4239
2969375357 4240
76978453 4241
391598269 4242
2332638064 4243
1587288001 4244
1294711250 4245
1101881678 4246
484817282 4247
2975434728 4248
2890715872 4249
322817494 4250
559816836 4251
26183143 4252
702768829 4253
84045279 4254
91037912 4255
16263770 4256
279180936 4257
2741224692 4258
88799262 4259
405074847 4260
424418661 4261
3287189658 4262
20516387 4263
1400697205 4264
597621688 4265
261554992 4266
3534365548 4267
2445287439 4268
335008308 4269
2274722621 4270
85560804 4271
106197499 4272
393271504 4273
1200842257 4274
2606735004 4275
1397905112 4276
1630630458 4277
542596869 4278
392459453 4279
3338821211 4280
2229336564 4281
272148688 4282
3236130899 4283
2269515690 4284
149611752 4285
287614675 4286
1263002017 4287
2957862936 4288
2218418312 4289
3401173745 4290
2381689088 4291
404915862 4292
2250489164 4293
2800421239 4294
452098509 4295
3447670216 4296
2596665180 4297
3156794327 4298
43116250 4299
3307088230 4300
57684429 4301
136994174 4302
77776648 4303
1126292312 4304
1256824939 4305
140884053 4306
277125802 4307
441036257 4308
239514976 4309
30351711 4310
173009673 4311
2765723010 4312
348339045 4313
972524191 4314
3357211900 4315
346558009 4316
444712356 4317
74483458 4318
2370630903 4319
1251826915 4320
96791449 4321
568452724 4322
337285986 4323
1345315808 4324
303072146 4325
2380593748 4326
2785187253 4327
1533339648 4328
27026346 4329
984212630 4330
252721561 4331
2224893798 4332
274892892 4333
3043767004 4334
3405663447 4335
26311860 4336
1356992605 4337
851512388 4338
471478936 4339
942424706 4340
118736440 4341
2175345840 4342
3301205746 4343
984558516 4344
2515623517 4345
647773 4346
14924757 4347
1678940930 4348
254597335 4349
2792879202 4350
2908537559 4351
270522584 4352
2192024599 4353
2753131328 4354
248352630 4355
1126017198 4356
303068121 4357
2252106505 4358
1027010347 4359
780691290 4360
2882360859 4361
3318603312 4362
1479230509 4363
859847515 4364
127539064 4365
499696436 4366
92713894 4367
3305576523 4368
2595865716 4369
36792190 4370
3082159592 4371
2228216426 4372
